baseMean log2FoldChange lfcSE stat pvalue padj
ENSDARG00000104825 113.652096841069 0.935093041895566 0.0773186694070424 12.0940136330178 1.13598424268878e-33 3.1722359977084e-29
ENSDARG00000033134 43.9188476451505 1.04550440519222 0.0916806343839134 11.4037649523035 4.0041977308014e-30 5.59086108163146e-26
ENSDARG00000040712 26.4705561209186 1.33057008464745 0.117305023807118 11.3428226811093 8.05051576580065e-30 7.49368842533278e-26
ENSDARG00000013926 24.3062263434121 2.13886211478029 0.1950026397681 10.9683751836583 5.42382815842228e-28 3.78651003309855e-24
ENSDARG00000039943 161.032391659836 1.77587093519661 0.166517053961809 10.6647991478633 1.48720026196537e-26 8.3060134630766e-23
ENSDARG00000000551 33.8016835858639 1.19886013909853 0.114635193121122 10.4580461414831 1.34602620488556e-25 6.26463029523823e-22
ENSDARG00000042637 273.012311183951 0.557410199018551 0.0546998733058654 10.1903380269581 2.19001393644336e-24 8.7365913107401e-21
ENSDARG00000053129 256.027102667279 0.79381153225562 0.0798974310506661 9.93538242490217 2.92053129844333e-23 1.01944795636287e-19
ENSDARG00000102906 57.3018418620693 1.18339487235986 0.122958320356582 9.62435782245552 6.30998245189379e-22 1.95784733299038e-18
ENSDARG00000011122 48.3950622277257 0.79794906516366 0.0914323712352081 8.72720519421891 2.61043203532572e-18 7.28963145864708e-15
ENSDARG00000006031 120.814026899331 0.981516309630011 0.115753591779661 8.47935942668924 2.26437149597887e-17 5.74841582047362e-14
ENSDARG00000093019 76.5029731740227 1.40530961296536 0.168484327203067 8.34089221409658 7.37320802239232e-17 1.71580695021088e-13
ENSDARG00000104687 236.33393552081 1.05537899759384 0.127457761707966 8.28022541312118 1.22942339786895e-16 2.6408960296531e-13
ENSDARG00000018491 61.1145221091147 0.585018081339618 0.0710223509500894 8.23709823053783 1.76437617287768e-16 3.51930033054351e-13
ENSDARG00000052155 50.9400042710691 0.827121249206514 0.101152557754734 8.17696821084883 2.91074762953426e-16 5.41884183698295e-13
ENSDARG00000098608 29.8858020434683 0.83909931669328 0.103874604918334 8.07800248533294 6.5836265308095e-16 1.14904856795535e-12
ENSDARG00000063229 826.526617524572 0.487660123304902 0.0615322969701781 7.92527091165227 2.2764947303936e-15 3.73947737330831e-12
ENSDARG00000067950 62.4548442756358 0.895247154170329 0.113225079511224 7.90679201140754 2.64106332445408e-15 4.09731629641001e-12
ENSDARG00000075536 130.676257883672 0.403696840866922 0.0512247946866705 7.88088743617688 3.25064047964734e-15 4.77758607337641e-12
ENSDARG00000044169 19.9659013279397 0.880133337728927 0.111916584340425 7.86419048540437 3.71491894803453e-15 5.18695558119322e-12
ENSDARG00000071235 16.5786220028628 1.54297428434296 0.198938722268294 7.75602792030636 8.76307399101338e-15 1.16528019618595e-11
ENSDARG00000060246 55.8142427541266 0.908704539573599 0.118451343116529 7.6715427251816 1.6993985209941e-14 2.15707744085274e-11
ENSDARG00000003244 56.6469547106462 0.642777488409375 0.0857722253348295 7.49400503368265 6.68031602883921e-14 8.11077500457978e-11
ENSDARG00000061226 16.3129324108153 1.00962954873703 0.135983486230871 7.42464821811449 1.1308005083226e-13 1.31573350812119e-10
ENSDARG00000056059 242.09163685031 -0.241659280195074 0.0326473704126231 -7.40210550316286 1.34041933793858e-13 1.4972484004774e-10
ENSDARG00000044016 108.257135219231 0.374525502696226 0.0507514202260423 7.37960634457366 1.58758230455445e-13 1.66893625684856e-10
ENSDARG00000055543 61.8884375917734 0.586337185399796 0.0794770818942386 7.37743726147425 1.61365367716781e-13 1.66893625684856e-10
ENSDARG00000062821 11.0012139820738 1.1487388435043 0.15760525368553 7.28870907943454 3.12938963368761e-13 3.12100734002594e-10
ENSDARG00000103840 15.0608082956065 1.23138009699149 0.169061744662584 7.28361167364682 3.24999653091163e-13 3.12952252157612e-10
ENSDARG00000041060 85.6219379332799 1.55332676715586 0.21498079803037 7.22542097427893 4.99551902599961e-13 4.64999562670131e-10
ENSDARG00000036028 120.107918480194 0.665442404857895 0.0926177267681846 7.18482765748989 6.7292015611634e-13 6.06170818049961e-10
ENSDARG00000038467 133.086330455982 0.393307611195386 0.0551063918096992 7.13724122155573 9.52226579202473e-13 8.30966475757158e-10
ENSDARG00000002285 173.516937341335 0.689605791785075 0.0975842076298616 7.06677656697035 1.58573961851883e-12 1.34187208627692e-09
ENSDARG00000020645 353.295366731268 0.539188375420351 0.0769360168173547 7.00826995892416 2.41282923785929e-12 1.98171342550649e-09
ENSDARG00000021433 20.4191585692448 0.733334673571689 0.104800358323653 6.9974443341782 2.60673576275868e-12 2.07980274785818e-09
ENSDARG00000006527 897.259623987684 -0.19427596805121 0.0278673632550754 -6.97145138106409 3.1368773038909e-12 2.43325829753204e-09
ENSDARG00000036967 50.4216590120042 0.804637754334141 0.115905687844076 6.94217660324483 3.8610410090557e-12 2.91404243724001e-09
ENSDARG00000063218 88.7006925068127 0.516427232498693 0.0746950637149664 6.91380670708523 4.71817964341737e-12 3.46724122480079e-09
ENSDARG00000024746 29.3931047480147 -1.02338093018319 0.148815721143442 -6.87683345764769 6.11975832724083e-12 4.38190387918462e-09
ENSDARG00000052480 895.909479624123 -0.196291037554057 0.0286644698188524 -6.84788655762817 7.49489594232964e-12 5.23237422973888e-09
ENSDARG00000018048 8.68465651969904 1.6089158550929 0.235781070423349 6.82377025519506 8.8681668447666e-12 6.0400868082953e-09
ENSDARG00000086786 32.7863607911518 0.617941607241216 0.0907999790685706 6.80552587764979 1.00680778772618e-11 6.69407320767945e-09
ENSDARG00000038785 610.507120628191 -0.279620506953982 0.0411160981845642 -6.80075491839733 1.04072339720704e-11 6.75865136442011e-09
ENSDARG00000045123 54.2465198553206 0.530640733499742 0.0781700739388603 6.78828491213627 1.1347439222507e-11 7.20175546110247e-09
ENSDARG00000016375 117.663989814167 0.550221713878945 0.0819159017369091 6.71690968679199 1.85618931323874e-11 1.15186859049315e-08
ENSDARG00000038000 80.1853445893209 0.663151959445932 0.100609033665341 6.59137589624204 4.35769005407759e-11 2.64540206000254e-08
ENSDARG00000043465 11.4472530737038 1.05447322061341 0.16012413030342 6.58534862056885 4.53819268401151e-11 2.69636235534088e-08
ENSDARG00000027572 9.28500044105052 1.19474352060627 0.181939394702179 6.56671152809962 5.14385585623442e-11 2.95883551571287e-08
ENSDARG00000052894 57.2569838806814 0.648645980153601 0.0987987268476399 6.56532731594705 5.19186894431265e-11 2.95883551571287e-08
ENSDARG00000005840 58.4191293343681 0.711353026394613 0.108578705816294 6.5514966405859 5.69632697118813e-11 3.18139861340857e-08
ENSDARG00000036685 124.162127826056 -0.327407967472767 0.0503200702688484 -6.50650855063403 7.69175265785574e-11 4.21161162687493e-08
ENSDARG00000055300 94.7979261289039 -0.394184276960083 0.0606645546307309 -6.49776923871787 8.15197162003173e-11 4.37776552864204e-08
ENSDARG00000098733 74.0385830205264 0.592653539303615 0.0915605862161099 6.47280193144218 9.62020262573627e-11 5.06875770422048e-08
ENSDARG00000032083 41.0705788320956 0.588246394585741 0.0914986056085749 6.42902031865077 1.28428961527158e-10 6.6414421308257e-08
ENSDARG00000004754 195.204601099839 -0.375370420697481 0.0590484341838093 -6.35699194882978 2.05742771930479e-10 1.04461216475611e-07
ENSDARG00000019062 23.9856573689011 0.943350858084598 0.148735854571797 6.34245764614359 2.26128388770614e-10 1.12761343864632e-07
ENSDARG00000001447 66.9692088801732 0.422271030184633 0.0670188200818572 6.30078281994324 2.96146106524531e-10 1.45085614468378e-07
ENSDARG00000005454 273.234998199566 -0.275506376972921 0.0438593329298558 -6.28159068022167 3.35126232874876e-10 1.61351725052257e-07
ENSDARG00000035859 47.7631122018884 -0.561378164929281 0.0895707300210306 -6.26742871022122 3.67058574773203e-10 1.7373068983969e-07
ENSDARG00000091511 12.1596829694569 1.19525818547784 0.192362074049283 6.21358545537209 5.17890462965169e-10 2.41034852971706e-07
ENSDARG00000019963 52.8112051951663 0.716850411552506 0.115452438245053 6.20905389655746 5.33045403245171e-10 2.44021194846253e-07
ENSDARG00000013379 457.003166608087 -0.199796837606969 0.0323609888632982 -6.17400285420715 6.65823379248755e-10 2.99888997830992e-07
ENSDARG00000078041 1366.29868562605 0.371155527330382 0.060280232079346 6.15716818810246 7.40571893634227e-10 3.28261430630727e-07
ENSDARG00000098855 14.3593654514936 0.783254381505147 0.127931394221646 6.12245638586668 9.21436434164317e-10 4.02048631625602e-07
ENSDARG00000071212 195.164192181338 0.410123496638654 0.0671663535846109 6.10608548403648 1.02104335955988e-09 4.38655935626303e-07
ENSDARG00000087697 38.6900420369231 0.790172700362604 0.13009840348398 6.07365408953619 1.25031907899978e-09 5.29017580016195e-07
ENSDARG00000012649 27.8795166843582 0.761325866988477 0.125462490641163 6.06815521593583 1.29387829408288e-09 5.39276886003947e-07
ENSDARG00000041078 12.4674610214335 0.783904314977861 0.129842367879589 6.03735381431759 1.56661975035345e-09 6.43350831303236e-07
ENSDARG00000035569 18.5675500893891 0.675395556364944 0.112304042073279 6.01399151710182 1.81009986238519e-09 7.32565777639224e-07
ENSDARG00000105727 16.1756104866842 0.829081040425022 0.138024021661315 6.00678802461961 1.89234660642015e-09 7.54911128346894e-07
ENSDARG00000030357 16.8179219304981 0.911380264882411 0.15217404268212 5.98906520993345 2.11050537438877e-09 8.30082571546568e-07
ENSDARG00000058871 13.325904155448 1.0401375422655 0.173810173863059 5.98433060129726 2.17281588923384e-09 8.42720607039653e-07
ENSDARG00000035910 595.412173263727 -0.224616817586719 0.0376559898898484 -5.9649691388746 2.44680282787773e-09 9.35985876280623e-07
ENSDARG00000045132 377.299857410055 0.673401771896976 0.113108125550529 5.95361092423148 2.62289937300186e-09 9.89790067446985e-07
ENSDARG00000031317 73.7680785973545 0.844042093846997 0.141938090185499 5.94655101209207 2.73851218421641e-09 1.01963936992324e-06
ENSDARG00000037708 351.915859083241 -0.225079414763936 0.0382031312565591 -5.89164833773388 3.8236220457432e-09 1.40492954772867e-06
ENSDARG00000095332 69.9263559438324 -0.484745685984114 0.0825300019703752 -5.87356930099332 4.26510610406152e-09 1.54679335007686e-06
ENSDARG00000070084 166.059325977769 -0.285963895773423 0.0490824076171506 -5.82619944001077 5.67038470711759e-09 2.03007042238793e-06
ENSDARG00000016253 60.6958302661705 0.550261859497651 0.0945653496009899 5.81885290774508 5.9252847173733e-09 2.09447564218544e-06
ENSDARG00000030972 154.557853025765 -0.378868155448062 0.0651384865901344 -5.81634875602781 6.0146912174877e-09 2.0995031531043e-06
ENSDARG00000014101 44.6472083631477 0.480505385060304 0.0827170437886776 5.8090251180625 6.28376624060423e-09 2.16634780578856e-06
ENSDARG00000040732 43.5991529689706 0.82754017829945 0.142702065069833 5.799076403656 6.6681148595549e-09 2.27081838357403e-06
ENSDARG00000099009 14.8138442802002 0.75645815746555 0.132006969840821 5.73044103942174 1.00169841960608e-08 3.37017209246984e-06
ENSDARG00000045199 28.8850073873589 0.52193835051616 0.0915266964306375 5.70258045871573 1.18007178857799e-08 3.92303627333815e-06
ENSDARG00000055868 401.567068298184 -0.259087825946744 0.0454543210960897 -5.69996030518278 1.19835328338556e-08 3.93694299276963e-06
ENSDARG00000025983 23.6781746666029 0.765097035896887 0.13439932761544 5.69271475885712 1.25035176515431e-08 4.06000849324815e-06
ENSDARG00000043928 51.5271659236157 0.354957241472454 0.063129989459861 5.6226405945805 1.88060399162715e-08 6.03630649036646e-06
ENSDARG00000044688 72.2178476903621 0.498640236610876 0.089037723567318 5.60032553206364 2.13949643608817e-08 6.78925431565479e-06
ENSDARG00000042187 535.143973072967 -0.198055348579132 0.0354539333484881 -5.5862729427616 2.31994523168088e-08 7.2791539994032e-06
ENSDARG00000097289 4.29526904961894 1.17551475139941 0.210514699578594 5.58400317769989 2.35044407094132e-08 7.29290563122628e-06
ENSDARG00000004726 102.566375134904 -0.261686829958644 0.0469029999296332 -5.57931966721197 2.41461130884148e-08 7.40967261531851e-06
ENSDARG00000029581 81.2182090090831 0.468073476538896 0.0840402311378802 5.56963575898493 2.55272422425405e-08 7.74835043068416e-06
ENSDARG00000074560 29.1042962056389 0.875488613128439 0.157294199344686 5.56593070040645 2.60756865105321e-08 7.82971554630761e-06
ENSDARG00000090552 51.8279743687952 0.694434798774718 0.124946192317487 5.55787083939435 2.7308533911221e-08 8.11266818586007e-06
ENSDARG00000039020 200.751914338598 -0.288978869575355 0.0521052733718954 -5.54605802588927 2.92181895017127e-08 8.58860991405606e-06
ENSDARG00000062865 14.8749907912928 0.652799855072493 0.118516337557907 5.50810013643509 3.62727066203548e-08 1.05512013788897e-05
ENSDARG00000024540 38.651969214729 0.708558643991882 0.128773024075701 5.50238412957783 3.74689475621393e-08 1.0786807841987e-05
ENSDARG00000069090 36.3099714309072 0.518329770076785 0.0943641415359609 5.49286796488533 3.95458452669879e-08 1.12685482559249e-05
ENSDARG00000001889 220.792441451843 1.0098878937133 0.183963369894211 5.48961401551861 4.02813029388706e-08 1.13370668465459e-05
ENSDARG00000074548 90.5987268497945 -0.391395153529125 0.0713153783906458 -5.48822936036561 4.05982698175322e-08 1.13370668465459e-05
ENSDARG00000104491 62.2643876264531 0.422070231408216 0.0770948816031756 5.47468551259608 4.38289276847247e-08 1.21180475801578e-05
ENSDARG00000007377 1769.86971410745 0.801342944740872 0.146540696997739 5.46839861661934 4.54119692579319e-08 1.2432639622821e-05
ENSDARG00000090062 15.4921886858468 0.740385771452167 0.135463028599351 5.46559293046628 4.61362004680135e-08 1.25082854181483e-05
ENSDARG00000100555 15.4011203700546 0.662591727215534 0.121576697559835 5.44998951702429 5.03727891836104e-08 1.35255782495416e-05
ENSDARG00000061370 39.2890562141445 0.482760184265193 0.0886989927665989 5.44267943983897 5.24850465765702e-08 1.39585231014354e-05
ENSDARG00000101135 341.739571351947 0.603823929936557 0.111046381630382 5.43758311681319 5.40081580916975e-08 1.42280925916099e-05
ENSDARG00000055436 11.3018620535512 0.711933830953226 0.131411726371118 5.4175822098453 6.04103751252397e-08 1.57659787417974e-05
ENSDARG00000053570 19.8653455541443 0.589528146177048 0.109851432547123 5.36659497748616 8.02369573603891e-08 2.07464540211932e-05
ENSDARG00000098540 41.4333973114762 0.506541576960644 0.0945226628818569 5.35894315201176 8.3710187887051e-08 2.14264699547933e-05
ENSDARG00000002230 14.1349823510448 0.773814257692392 0.14443686104661 5.35745689905764 8.44014931075115e-08 2.14264699547933e-05
ENSDARG00000042029 374.716093974609 -0.233262709671183 0.0439948052865655 -5.30205118881191 1.14508720760938e-07 2.88077119571999e-05
ENSDARG00000004232 35.1734666780691 -0.506544858269151 0.095622919222898 -5.29731640056282 1.17516967258446e-07 2.93005474168939e-05
ENSDARG00000093760 61.5186849003109 0.532022917530545 0.100491308987646 5.29421820543656 1.19526644399548e-07 2.9537889777499e-05
ENSDARG00000104251 81.9641286947022 -0.403023742140108 0.0762056616311038 -5.28863254401051 1.23234174485594e-07 3.01869677413178e-05
ENSDARG00000040487 18.5210272531514 0.751844773223778 0.142781158090758 5.26571421101566 1.39645381270836e-07 3.39095414955487e-05
ENSDARG00000102874 110.380650082147 0.28513373720339 0.0543388276698917 5.24732956948533 1.54319695646895e-07 3.68384850874665e-05
ENSDARG00000006314 197.520930417162 0.254730618833153 0.0485501737237158 5.24674989388805 1.54805825237581e-07 3.68384850874665e-05
ENSDARG00000099519 89.0839435174962 0.414761042938975 0.0790664131100939 5.24572984437087 1.55664860888847e-07 3.68384850874665e-05
ENSDARG00000054858 36.1096451173314 0.476867699587391 0.0911793545892124 5.22999643653773 1.69513307167837e-07 3.97786479215281e-05
ENSDARG00000092659 322.776931689761 0.18807387823126 0.0360370496060795 5.21890333107435 1.79985668328465e-07 4.18841649006031e-05
ENSDARG00000102123 121.529016757511 0.673167264687737 0.129038253865176 5.21680388972938 1.82036811238979e-07 4.20113880483346e-05
ENSDARG00000041237 39.2565377777812 0.569844320858784 0.109595522746087 5.19952190181172 1.99801784319941e-07 4.57333182551996e-05
ENSDARG00000074341 3.41756464864331 1.38886571155389 0.267229552085859 5.19727590273272 2.02230104046895e-07 4.59128102073946e-05
ENSDARG00000025147 105.432816451458 0.358609417596145 0.0690743393038269 5.19164455585719 2.08444656086696e-07 4.69420727517821e-05
ENSDARG00000079062 39.678105982242 0.551355858388465 0.106327276835748 5.18546016409495 2.15482144711995e-07 4.78849045016505e-05
ENSDARG00000026225 708.309696328217 -0.212617615364889 0.0410066037599525 -5.18496036905485 2.16060804555343e-07 4.78849045016505e-05
ENSDARG00000003061 111.622656243691 0.355221451703937 0.0686243800618296 5.1763156386096 2.26310464575378e-07 4.97615726241529e-05
ENSDARG00000039914 12.9080117440953 0.943150560939833 0.182384030432061 5.17123433836584 2.32552712072255e-07 5.07346444110759e-05
ENSDARG00000055022 852.589906424576 -0.158504918751776 0.0307763868467927 -5.1502120616311 2.6019210005959e-07 5.63245301873181e-05
ENSDARG00000077143 65.162786890031 -0.316437938800418 0.0615041258224706 -5.14498717880821 2.67539082337753e-07 5.73519898581489e-05
ENSDARG00000005842 13.0586351196919 0.705875424095496 0.137224857694538 5.14393263694813 2.69046040158192e-07 5.73519898581489e-05
ENSDARG00000010571 463.216088054784 -0.202616273986505 0.0394131659442306 -5.14082716098488 2.73531589220032e-07 5.74927746881814e-05
ENSDARG00000090337 843.825064340617 -0.235845002063732 0.0458786511128873 -5.14062633366051 2.73824137279432e-07 5.74927746881814e-05
ENSDARG00000061409 6.43640147034263 0.892684614578233 0.173739893687645 5.13805203647199 2.7760102060774e-07 5.78508097050085e-05
ENSDARG00000020448 100.158647532885 0.513312593671793 0.0999536127078229 5.13550815989283 2.81382670113946e-07 5.82045263920884e-05
ENSDARG00000039650 93.6499723581598 0.31949990797351 0.0622399771226764 5.13335516405748 2.84622076640232e-07 5.84417021336652e-05
ENSDARG00000003035 744.377252294499 0.203258416993005 0.0397371012582886 5.11507912144469 3.13609471717463e-07 6.39236824650376e-05
ENSDARG00000031382 63.5138617359174 0.330196367574956 0.0646217547940205 5.1096781359071 3.22708099230348e-07 6.5301620804402e-05
ENSDARG00000074765 17.6811568995551 0.627766415958357 0.12310937196002 5.09925772476707 3.40988008989591e-07 6.85042456908945e-05
ENSDARG00000045465 61.345700664427 0.472749641506178 0.0928687844129221 5.0905117849308 3.57098376176101e-07 7.12283725336974e-05
ENSDARG00000013302 44.803668135858 0.499238212797438 0.0984080941934418 5.07314176632748 3.91300756172013e-07 7.74969760007338e-05
ENSDARG00000019541 90.7537416098296 0.380796067484815 0.0753819616119716 5.05155423581256 4.38229462652878e-07 8.61718203964732e-05
ENSDARG00000041361 200.203440787524 -0.248390118273376 0.0491842195844985 -5.05019944144161 4.41349023842139e-07 8.61718203964732e-05
ENSDARG00000058094 10.8541359828119 -0.966999310900221 0.191526704026652 -5.04890070454958 4.44359610997033e-07 8.61718203964732e-05
ENSDARG00000016775 370.641512839796 -0.202356329756022 0.0401433326081506 -5.04084530627474 4.63480013366305e-07 8.92598577465797e-05
ENSDARG00000100531 18.8445160532995 0.672374937048089 0.133686581859711 5.02948708609865 4.91793620935731e-07 9.40639511276048e-05
ENSDARG00000086985 53.071723228457 0.408870397830589 0.0814603802925534 5.01925471452734 5.18723323877939e-07 9.85397878863364e-05
ENSDARG00000100019 402.445747401966 -0.206217853166447 0.0411118019539653 -5.01602565115871 5.27512889762946e-07 9.95324151799342e-05
ENSDARG00000055086 196.761000925027 -0.204281998150641 0.0409704620933998 -4.9860799149627 6.1616666564543e-07 0.000115479557974152
ENSDARG00000004114 72.1024309247957 0.35193461695554 0.070636888141301 4.9823063588466 6.28308544777251e-07 0.000116970107419365
ENSDARG00000063371 78.669564252764 0.349567925882588 0.0703189443456607 4.97117710078592 6.65476249945607e-07 0.000123069034965106
ENSDARG00000029856 219.391697316961 0.208899390585805 0.0421553570195967 4.95546486508689 7.2157561355176e-07 0.000132565782950216
ENSDARG00000010791 164.428649127586 -0.237766115151141 0.0481547692745469 -4.93754032535293 7.91140510972906e-07 0.000144396070385088
ENSDARG00000056122 44.7001456757508 0.891757285850576 0.180747927287235 4.93370684374955 8.06835113263701e-07 0.000146159735728291
ENSDARG00000052455 58.5813655417121 0.432942101844491 0.0877709365667571 4.93263623221342 8.11271585958287e-07 0.000146159735728291
ENSDARG00000025948 51.5927099582448 0.411180037744415 0.0835046303699827 4.92403877392914 8.47760272988901e-07 0.000151150034005637
ENSDARG00000042747 88.4133706420829 0.281240848728211 0.0571213303012563 4.92356965856634 8.49796073012891e-07 0.000151150034005637
ENSDARG00000044575 212.616949513801 0.238766198824077 0.0486811978344193 4.90469030027156 9.35748623591356e-07 0.000165384685530308
ENSDARG00000098845 186.541150577397 -0.314691437585263 0.0642812563239902 -4.89553962665503 9.80363334992324e-07 0.000172180164337488
ENSDARG00000040100 32.2235090871329 0.750977243596873 0.153545844817809 4.89089916101573 1.00376381388551e-06 0.000173450507437747
ENSDARG00000103618 53.3789720271008 0.824282590598815 0.168544543965257 4.89059195395094 1.00533179669857e-06 0.000173450507437747
ENSDARG00000076223 84.4008137305568 0.529349230734767 0.108253155328678 4.88991964370514 1.00877149367136e-06 0.000173450507437747
ENSDARG00000098000 4.95394735827906 1.24564073616551 0.254773691721724 4.88920472026625 1.01244163696876e-06 0.000173450507437747
ENSDARG00000029370 150.149496728751 0.330048664258923 0.067617553491985 4.88110922703001 1.05490789487512e-06 0.00017962379856334
ENSDARG00000060069 75.2953256642457 0.534445866736966 0.109681911126946 4.8726892269264 1.10089326542713e-06 0.000185904398231272
ENSDARG00000087205 16.6418729551034 0.634926204407953 0.130323220315374 4.87193458595846 1.10510761347864e-06 0.000185904398231272
ENSDARG00000003399 125.078784592206 -0.306915947721054 0.0631804764324222 -4.85776564298832 1.18717805645295e-06 0.00019851465405059
ENSDARG00000102808 382.905638563275 0.261884616006478 0.0539244765499499 4.85650733695849 1.19474356561765e-06 0.000198590559939719
ENSDARG00000079631 171.440366224303 -0.227501550176963 0.0469681187345207 -4.84374414617023 1.2741498514805e-06 0.000210536299423628
ENSDARG00000037059 59.332404518034 0.404832190195873 0.083599606346175 4.84251311566607 1.28207170162242e-06 0.000210599130987094
ENSDARG00000030092 64.6934267587177 0.438666188658419 0.090650858770561 4.83907372315899 1.30445655757739e-06 0.000213023095733033
ENSDARG00000019856 27.6284940149214 0.486158838383144 0.100625408461477 4.83137257096712 1.35594992541448e-06 0.000220144777134881
ENSDARG00000043482 24.7109219024557 -0.499274914386693 0.103367943191853 -4.83007496298955 1.36481657737234e-06 0.000220303485104755
ENSDARG00000079382 57.1185087261151 0.334648086902042 0.0693848740016763 4.82306974995669 1.41365508185092e-06 0.000226875391728087
ENSDARG00000057648 357.446079805471 -0.215320232847088 0.0448800336952256 -4.79768429563354 1.60510502504689e-06 0.000255677224207151
ENSDARG00000056873 6.16952288610746 1.11503453013879 0.232449166680821 4.79689622492756 1.61143031192331e-06 0.000255677224207151
ENSDARG00000086450 105.709692407785 -0.394184756381722 0.0822076998185767 -4.79498583772133 1.62686323840565e-06 0.000256667547641118
ENSDARG00000015749 28.4320917610451 0.468514855871492 0.097737591872478 4.79359933977892 1.63815283171264e-06 0.000256996729357165
ENSDARG00000078778 31.5743513331549 0.589509931359365 0.123471373743564 4.7744664490711 1.80184318081088e-06 0.000281097602369519
ENSDARG00000041607 463.036419951334 0.325302201544553 0.0682341402944875 4.7674404651484 1.86581104189335e-06 0.000289459851915955
ENSDARG00000060002 37.013729701749 -0.527598126288532 0.110790865667102 -4.76210852863834 1.91580596216124e-06 0.000294676170980716
ENSDARG00000017988 58.4651678993713 0.427971348435008 0.089879534328218 4.76161065623862 1.92053941337476e-06 0.000294676170980716
ENSDARG00000104936 79.2224024199295 0.365079850111366 0.0767246957913899 4.75830951619538 1.95220995315551e-06 0.00029789870460037
ENSDARG00000071413 27.8405390695331 0.426492186745672 0.0899514975162172 4.74135727055328 2.12291190086834e-06 0.000320632715714
ENSDARG00000097406 30.1259063124891 1.04891011345533 0.221231243628212 4.74123860740966 2.12415586059409e-06 0.000320632715714
ENSDARG00000027065 46.3260418333697 0.654621279856167 0.138244108076349 4.73525627214892 2.18778476224704e-06 0.000328461771428756
ENSDARG00000016074 24.4774752864163 0.429170082630446 0.0906708919917808 4.73327297441112 2.20928046270883e-06 0.000329581215893346
ENSDARG00000104734 138.106193930567 0.265997286794882 0.0562077360625744 4.7323963822125 2.21884578649773e-06 0.000329581215893346
ENSDARG00000056713 33.3705363229445 0.443964276391157 0.093937341598673 4.72617458441498 2.28788964796771e-06 0.000338038721796288
ENSDARG00000037560 176.729902582963 -0.211642634710778 0.0449049014948931 -4.71312991823059 2.43940556539928e-06 0.000358528423230394
ENSDARG00000016484 1104.78683319383 -0.217711209463924 0.0462295917177895 -4.70934744120067 2.48511140111972e-06 0.000363333695687268
ENSDARG00000036956 513.034534471809 -0.189489356370973 0.0403791138744292 -4.69275668010561 2.69548014705996e-06 0.000392037932847132
ENSDARG00000010144 48.5774359765167 0.440930371958242 0.0941131392454359 4.68510959780385 2.79810165345175e-06 0.000404854863588809
ENSDARG00000099705 15.852879031505 0.632783310939837 0.135150431265058 4.6820665314698 2.83997269155878e-06 0.000408795038205046
ENSDARG00000100114 510.5787822892 -0.244046025718605 0.0521949890114197 -4.67566006509189 2.93009627720013e-06 0.000419604813029814
ENSDARG00000026842 1015.23246790195 -0.212058885760944 0.0453728259501623 -4.67369799698767 2.95824239969607e-06 0.00042147407658935
ENSDARG00000077547 8.71714461689626 0.770360789825112 0.165174235853816 4.66392828060003 3.10229540009015e-06 0.000439754309885875
ENSDARG00000043004 94.5080177659149 -0.249296130250775 0.0535117029260758 -4.65872167430678 3.18179051766319e-06 0.000448744950534064
ENSDARG00000076807 219.529225499431 0.22906818967019 0.0492487781362122 4.65124614943002 3.29935230632281e-06 0.000462038579151335
ENSDARG00000091512 126.693199383672 -0.214990539739082 0.0462282080054964 -4.65063538075108 3.30913933143302e-06 0.000462038579151335
ENSDARG00000017315 79.5795426891439 0.262650142407658 0.0566053275907348 4.64002512814092 3.4836681554145e-06 0.000483987230049502
ENSDARG00000086100 11.5489156425242 0.641777162417368 0.138636555738525 4.62920590459409 3.6707063988246e-06 0.000507447901916717
ENSDARG00000045414 8.45995823261753 0.934975895090989 0.202053836660355 4.62736026469345 3.70355949508214e-06 0.000509467482266841
ENSDARG00000018399 38.982974672047 0.41339844995282 0.0894177513988306 4.62322574081443 3.77818170833833e-06 0.000517184922575235
ENSDARG00000099449 478.435904930373 -0.223750586102107 0.0484356548555576 -4.61954291253758 3.8458633636489e-06 0.000523881631365344
ENSDARG00000035924 135.268762793415 -0.260122031120067 0.0563224511116893 -4.61844301847299 3.86630116294301e-06 0.000524109029005746
ENSDARG00000079684 60.8836880160759 0.485063637029324 0.105201340340741 4.61081232860941 4.01098521531091e-06 0.000541095469263561
ENSDARG00000020469 173.356528761009 -0.219139108045424 0.0475844309426454 -4.60526907024605 4.11932885746978e-06 0.000553039703580978
ENSDARG00000027187 143.360629715157 -0.191796529760274 0.0416796824847655 -4.60167924336703 4.19098270626522e-06 0.000559967426184001
ENSDARG00000025859 65.8390957529031 0.550418816450227 0.119907674887583 4.59035517923487 4.42492387096958e-06 0.000588409519508693
ENSDARG00000030368 155.074443923474 -0.168755045993542 0.036816119196552 -4.58372717375782 4.56760131368464e-06 0.000604503633576509
ENSDARG00000090160 62.9827870009122 -0.473743919107276 0.103687630299975 -4.56895309244416 4.90166459761659e-06 0.000645655584379449
ENSDARG00000033604 70.9811392871901 0.394615700257651 0.0866568131751013 4.55377581749145 5.26915076826468e-06 0.000688737818342506
ENSDARG00000057497 210.449482148709 -0.176242563009108 0.0387055320666603 -4.55342049569491 5.27806242167578e-06 0.000688737818342506
ENSDARG00000011247 120.999477502247 -0.255252876833046 0.056119987055325 -4.54834169119478 5.40702946907731e-06 0.000702285106623181
ENSDARG00000089354 30.7581402154122 0.538242704552248 0.118478933807704 4.54294014348438 5.54750073573382e-06 0.000715669092272121
ENSDARG00000039997 100.593086087621 0.414685138515379 0.0912934321296914 4.54233266119602 5.56351555513527e-06 0.000715669092272121
ENSDARG00000055389 1120.38659103697 -0.275170474487036 0.0605993204957979 -4.54081782164731 5.60364369257312e-06 0.000715669092272121
ENSDARG00000052728 727.578343146731 -0.226262204459316 0.0498322040909526 -4.54048157385027 5.61258840492729e-06 0.000715669092272121
ENSDARG00000075014 48.8328004331369 0.61442383202527 0.135438790029346 4.53654253624194 5.7183960175916e-06 0.00072584640359657
ENSDARG00000100452 379.138126198284 -0.240165893601104 0.0529643706393116 -4.53448026856844 5.77454996739269e-06 0.000729657501535931
ENSDARG00000020761 55.9093237087321 0.333360870143517 0.0735749280458591 4.53090310785944 5.87320724914454e-06 0.000738780686632259
ENSDARG00000017676 25.445934027486 0.623321493136918 0.137617665341256 4.52937122273686 5.9159478295277e-06 0.000740819924392651
ENSDARG00000022280 518.3102048023 -0.189144187325842 0.0417974439825159 -4.52525727183132 6.03220789958981e-06 0.000752006274982345
ENSDARG00000059354 24.8916126278043 0.550440220758644 0.121675748972775 4.52382849832965 6.07309411959797e-06 0.000753738459065659
ENSDARG00000087508 27.9869076537843 0.51941244721713 0.115280522550826 4.50563925044775 6.61734267796952e-06 0.000809533892212785
ENSDARG00000059856 5.78561277190268 0.885100183398009 0.19646087762649 4.50522360528571 6.63030879807811e-06 0.000809533892212785
ENSDARG00000006219 540.107730110521 -0.192833267394847 0.0428044612921094 -4.5049805925345 6.63790087679066e-06 0.000809533892212785
ENSDARG00000006624 301.918064918743 -0.142589143930473 0.0316516046624822 -4.50495781970541 6.63861275977539e-06 0.000809533892212785
ENSDARG00000006124 606.58006341275 -0.183485707599313 0.040775513653615 -4.49989935523586 6.79856433784563e-06 0.000822019763174945
ENSDARG00000057879 40.6723082874737 0.448752047112355 0.0997258170561131 4.49985831512269 6.79987700244986e-06 0.000822019763174945
ENSDARG00000079244 19.1247100967926 0.655286771963331 0.145693329421152 4.49771293282146 6.86883548457892e-06 0.000826776857357182
ENSDARG00000086057 26.1177448365132 0.527526230652621 0.117386914154826 4.49391002779789 6.99271824076437e-06 0.000838075780572296
ENSDARG00000056244 4.21178910117677 1.1952273658639 0.266125810729393 4.4912117414994 7.0819101418878e-06 0.000845138208171866
ENSDARG00000019236 45.234750079139 0.418341891857445 0.0932211464527825 4.48762869559151 7.20203068365626e-06 0.000855815773791919
ENSDARG00000025824 35.930758089056 -0.396115993424561 0.0884906386414245 -4.47636043208676 7.59262629799595e-06 0.00089840715835397
ENSDARG00000036147 41.2270649823427 0.413275144785953 0.0924741891892602 4.4690864381642 7.8554383516463e-06 0.000923391047968298
ENSDARG00000098897 491.519814332756 -0.167137967017831 0.0374019814208809 -4.46869285177819 7.8699040077513e-06 0.000923391047968298
ENSDARG00000010276 28.9357806735672 -0.408766888095528 0.0916541465949755 -4.4598842854529 8.20039152384906e-06 0.000958141980349309
ENSDARG00000042807 20.1201701062756 0.714354203200525 0.160263803429246 4.45736459459419 8.29734143544677e-06 0.000965430248270213
ENSDARG00000070000 6.51034244236863 0.994351369529853 0.223187577199435 4.45522722190459 8.3804388462448e-06 0.000971052924404092
ENSDARG00000104037 13.9840613832412 0.564267699487395 0.126685739758561 4.45407431462122 8.4255915580426e-06 0.000972250596108842
ENSDARG00000097203 4.18028223933796 1.32713989431889 0.298164452868798 4.451033252119 8.54581064755959e-06 0.00098206486556832
ENSDARG00000013250 312.408896122082 -0.184043785853729 0.0413842223724239 -4.44719690991137 8.69980833584893e-06 0.000991989435676767
ENSDARG00000010420 8.7945584550846 1.13282701036843 0.25473314852751 4.44711266247351 8.70321975795194e-06 0.000991989435676767
ENSDARG00000058159 74.349633489822 0.263981161909395 0.059377768873567 4.44579119285351 8.7568974589792e-06 0.000994050250170708
ENSDARG00000012820 1646.39196723908 -0.23934514346048 0.0539104255035593 -4.43968195807836 9.00919162423215e-06 0.00101854929597847
ENSDARG00000035357 12.1992956352026 0.753883061485397 0.169879539560037 4.43775079352018 9.09037770375764e-06 0.00102358386039287
ENSDARG00000058734 16.0702090416826 0.839117437712277 0.189129036707867 4.43674568600693 9.13290850444556e-06 0.00102424285135198
ENSDARG00000044183 8.0991813615069 0.795872733803296 0.179450001173643 4.43506675173091 9.20437642177282e-06 0.00102555811785512
ENSDARG00000057128 49.2387044337208 -0.349121518407535 0.0787241281054355 -4.43474607860953 9.21808729030024e-06 0.00102555811785512
ENSDARG00000004460 88.1510347845172 0.341749472557578 0.0770891492454015 4.43317218963814 9.28566471263359e-06 0.00102897693293767
ENSDARG00000039263 53.8691558715572 -0.285390316206772 0.0645004076837072 -4.42462809857341 9.6608565734512e-06 0.00106632181744516
ENSDARG00000015905 59.1961354264011 0.337044470963968 0.0763609385523188 4.41383352999311 1.0155606170442e-05 0.00111651693822674
ENSDARG00000088959 22.2318567452399 0.432509972738611 0.0980811212029475 4.40971684901185 1.03505866274984e-05 0.00113349071205056
ENSDARG00000036510 507.17692688249 -0.244380164889207 0.0554413844140553 -4.40790156075636 1.04376961936962e-05 0.00113856510237877
ENSDARG00000008155 67.0950213766844 0.30423373040798 0.0690701868437816 4.40470403093125 1.05928401549558e-05 0.00115099245652584
ENSDARG00000010318 16.7928474304712 0.625721346382924 0.142193575293741 4.40048957971778 1.08006914464355e-05 0.00116469941830474
ENSDARG00000006598 2.04356441003449 1.44458234506394 0.32828020982483 4.40045516552692 1.08024046317252e-05 0.00116469941830474
ENSDARG00000044318 5.86404933683825 0.969460870820652 0.220428818694985 4.3980677143769 1.09218906410968e-05 0.00117305306212549
ENSDARG00000025593 46.3415718396554 0.417963309554518 0.0950949232520149 4.39522211345454 1.10659544625828e-05 0.00118387782348686
ENSDARG00000002790 193.572248665942 0.241562329327755 0.0549703827035157 4.39440872425117 1.11074660610047e-05 0.00118387782348686
ENSDARG00000103979 134.410027953978 0.348178049884755 0.0793713016395571 4.38669950841817 1.15083605267701e-05 0.00122194284300401
ENSDARG00000000567 331.580550871879 -0.211990844812473 0.0484350489056875 -4.37680666381201 1.20430708212809e-05 0.00127044945567198
ENSDARG00000071353 56.8231726014338 0.343760301654529 0.078545610069642 4.37656924874269 1.20561900001101e-05 0.00127044945567198
ENSDARG00000069425 10.0867303097283 0.609946472153295 0.139486052133992 4.37281335891114 1.22655579215774e-05 0.0012876530261656
ENSDARG00000025468 33.1883837054704 -0.417663857614018 0.0958413824245609 -4.35786553833122 1.31337027524719e-05 0.00137362790023512
ENSDARG00000098443 131.528909737633 -0.228861940938666 0.0525668901326858 -4.35372799039449 1.33841761270594e-05 0.00139460118786617
ENSDARG00000105479 165.623957410015 -0.216769263211946 0.049825198947605 -4.35059503605585 1.35768594566048e-05 0.00140941933206576
ENSDARG00000088672 21.2568023766293 0.528954926146551 0.121734144094909 4.34516486791211 1.39171096680911e-05 0.00143938995363498
ENSDARG00000046133 36.966511491618 0.397570915189115 0.0915423402945779 4.34302765157363 1.40532437988779e-05 0.00144810639514267
ENSDARG00000009653 71.4439784802099 0.329940880431628 0.0761790637207788 4.33112280876763 1.48350906473016e-05 0.00152305112619815
ENSDARG00000098946 192.29803763366 0.254022817313651 0.0587024337826896 4.32729617742966 1.50950921687216e-05 0.00154406757806428
ENSDARG00000045530 19.8973406742698 0.676804062557605 0.156557015964476 4.32305162683466 1.53885704985751e-05 0.00156834244953544
ENSDARG00000019613 56.9366204072104 0.413362242720717 0.0957977723075538 4.31494629534432 1.59641708410947e-05 0.00162108898450026
ENSDARG00000022232 351.333155823169 -0.194456082216959 0.0450956773480322 -4.31207808935249 1.61727290679908e-05 0.00163631688124508
ENSDARG00000070568 503.746386457873 -0.228704263662415 0.0530487050263583 -4.31121294193287 1.6236145364323e-05 0.00163680274115061
ENSDARG00000078887 27.3573184156679 0.455041907940149 0.105598906252839 4.309153608567 1.63880517883457e-05 0.00164617390715666
ENSDARG00000038780 188.533814903604 -0.23716654966098 0.0550653393547532 -4.30700241640313 1.65481803004622e-05 0.0016563008419011
ENSDARG00000012073 350.325396962199 -0.204808881291635 0.0475626379732133 -4.30608750942242 1.66167343294817e-05 0.00165722252196705
ENSDARG00000008200 55.4121725925887 0.340935550412565 0.0792382437553262 4.30266414618317 1.68756560042298e-05 0.00167697728566124
ENSDARG00000055357 330.853844454279 -0.224822811181605 0.0522730552908033 -4.30093113805725 1.70081912503756e-05 0.00167697728566124
ENSDARG00000074540 44.5979548407805 0.627045091157363 0.145809991406006 4.30042608953571 1.70470021198943e-05 0.00167697728566124
ENSDARG00000003281 69.0718104462417 0.30046086497754 0.069869390361903 4.30032183508745 1.7055024140655e-05 0.00167697728566124
ENSDARG00000042214 4.05253317121129 1.0134578762218 0.235835261017501 4.29731275912379 1.72881185975534e-05 0.00169393232223396
ENSDARG00000079626 232.00676054192 -0.177443262977894 0.0415602747722595 -4.26954017869808 1.95876363496006e-05 0.00191253407364544
ENSDARG00000044540 42.3451268601573 0.449711574493321 0.105452107661507 4.26460489473441 2.00256249415799e-05 0.00194848632924606
ENSDARG00000060366 23.2121415117687 0.435779290564646 0.102383179196714 4.25635630758606 2.07785474286297e-05 0.00201472547550168
ENSDARG00000086553 106.286719246856 0.206356733892238 0.0485106774743797 4.25384151769932 2.10134050797426e-05 0.00203044753235921
ENSDARG00000103313 7.86958915969525 0.747933129198198 0.176053069410328 4.24833904744362 2.15361290669274e-05 0.00207378070411706
ENSDARG00000099194 548.581143715742 -0.258702748829445 0.060991970324755 -4.24158700648574 2.21944817686668e-05 0.00212925916951884
ENSDARG00000091937 126.302635659683 0.561497233810787 0.132401193297905 4.24087744094125 2.22647691136795e-05 0.00212925916951884
ENSDARG00000041217 212.948611135804 0.44153253758696 0.104403989240065 4.22907726803148 2.34651750336393e-05 0.0022299343246689
ENSDARG00000021113 259.764309565101 0.348258965399988 0.0823509321345265 4.22896203325398 2.34771957547952e-05 0.0022299343246689
ENSDARG00000005908 96.7243439093066 -0.23039652679855 0.0545024834866678 -4.22726657685073 2.36547361048761e-05 0.00223918137535141
ENSDARG00000076373 7.93269051655952 0.774880947106838 0.18362058387674 4.22001134484464 2.44290024785764e-05 0.00230466180477786
ENSDARG00000060113 426.179360064751 0.469262824637713 0.111312424997945 4.21572726177131 2.48974517697869e-05 0.00234094727498754
ENSDARG00000017772 237.687377927377 0.654821013080535 0.155403010272671 4.21369580892663 2.51225589508042e-05 0.00235418610302418
ENSDARG00000043342 4.40310880437253 1.36263341271619 0.323933522911122 4.20652175937363 2.59331124691436e-05 0.00242201393210981
ENSDARG00000090844 4.79461154351495 1.05898430496108 0.25184574527839 4.20489257736111 2.61206188195954e-05 0.00243139426845734
ENSDARG00000103052 40.8684277745499 0.403685569370099 0.0962251993993998 4.19521676119922 2.72610755450396e-05 0.00251051824921906
ENSDARG00000039563 149.810645085321 0.584231796460464 0.139263518924141 4.19515319571024 2.72687220304929e-05 0.00251051824921906
ENSDARG00000041944 32.0066662491745 0.325990820225757 0.0777240922682501 4.19420556370939 2.73829576599306e-05 0.00251051824921906
ENSDARG00000007108 28.3890327987138 -0.41131079726517 0.0980863547558825 -4.19335388993546 2.74860137896128e-05 0.00251051824921906
ENSDARG00000098622 195.460429273987 -0.294308078134875 0.0702012739835361 -4.19234668310859 2.76083660329771e-05 0.00251051824921906
ENSDARG00000078399 170.193752884473 0.294740091111056 0.0703109040109071 4.19195422470082 2.76561806736459e-05 0.00251051824921906
ENSDARG00000016233 38.8728834234399 0.365879849215374 0.0872840882663026 4.19182758831231 2.7671626041588e-05 0.00251051824921906
ENSDARG00000079369 150.362494737354 0.289104542791923 0.0689710746883997 4.19167809256346 2.76898700361494e-05 0.00251051824921906
ENSDARG00000098261 9.02503961173796 0.730698956977363 0.174473029998479 4.18803385820566 2.81381545513496e-05 0.00253391295053765
ENSDARG00000105557 11.6421402540465 0.737507423451227 0.176100376825968 4.18799457868322 2.81430237808256e-05 0.00253391295053765
ENSDARG00000040387 66.5671586360841 0.306471593505778 0.0731894573680459 4.18737348966303 2.8220122743678e-05 0.00253391295053765
ENSDARG00000001873 108.698923312087 0.361786408490264 0.0864195055069605 4.18639757735161 2.83416735196215e-05 0.0025366706187033
ENSDARG00000091042 86.7335036282395 0.67793188295292 0.16224301848722 4.17849648800956 2.93442527167948e-05 0.00261801360101117
ENSDARG00000069453 14.3591081641588 0.680362723264275 0.162869585684799 4.17734668141773 2.9492933182095e-05 0.00262289859589173
ENSDARG00000001621 15.3390786785381 0.57317665765538 0.137437006250525 4.17046815331945 3.03974534425731e-05 0.00269475837264716
ENSDARG00000102294 340.356650256438 -0.255449116757874 0.0612921922683488 -4.16772687195573 3.07652252883551e-05 0.00271873074739657
ENSDARG00000015546 157.915633697949 0.272412039776333 0.065381080977531 4.16652700908923 3.09275265081422e-05 0.00272445166479455
ENSDARG00000056640 237.200046504565 0.33513550433857 0.0804528481543305 4.16561392202907 3.10515814025787e-05 0.00272677802096544
ENSDARG00000094408 4.05776726548761 0.995169037522931 0.239020010336675 4.1635385929453 3.13353032000852e-05 0.00274306690238991
ENSDARG00000099497 28.3389461457439 0.904648133209351 0.217368083389053 4.16182596407302 3.15712930669509e-05 0.00275018844046862
ENSDARG00000096675 17.2567161021165 0.719454402972703 0.17288259978569 4.16152003651355 3.16136254034172e-05 0.00275018844046862
ENSDARG00000091879 16.2078892422985 0.552594199345281 0.132818836426329 4.16051076950812 3.17536642186524e-05 0.00275379215312382
ENSDARG00000040623 32.9182150484377 0.428945726394339 0.103223689815256 4.15549693255535 3.24581299835057e-05 0.00280617114485881
ENSDARG00000079306 203.766411343939 -0.211004310235426 0.05079627046497 -4.15393311957692 3.26808731625648e-05 0.00281043341673941
ENSDARG00000063161 202.383673415437 -0.154330731780935 0.0371585309620464 -4.15330552056991 3.27706735153326e-05 0.00281043341673941
ENSDARG00000105204 2.91612259192106 1.20386387540474 0.289875640500676 4.15303567186749 3.28093569868235e-05 0.00281043341673941
ENSDARG00000061468 261.410768508779 -0.233634055251379 0.0562761742441346 -4.15156251094538 3.30213041855622e-05 0.00281993859138173
ENSDARG00000017569 11.2059935939435 0.533510114260136 0.128610867413006 4.14825064935519 3.35025483463891e-05 0.00285231299564914
ENSDARG00000104458 5.84446022526787 0.882675312625921 0.212958297225515 4.14482705828174 3.40070266849787e-05 0.00288646267531316
ENSDARG00000042982 5.10285434446601 -0.89590501695238 0.216225573231675 -4.1433813936174 3.42222099126875e-05 0.00289592488427817
ENSDARG00000001710 49.4324314358759 0.410101781018694 0.0990265292738697 4.14133246944875 3.45294029749951e-05 0.00291309238089649
ENSDARG00000100422 252.706237032798 0.62045450417282 0.149922936761482 4.13848953052409 3.49599822469138e-05 0.00294053465134057
ENSDARG00000060868 159.776727496456 -0.202090100934054 0.0488652170974857 -4.1356636261512 3.53930316019324e-05 0.0029635221718762
ENSDARG00000093997 48.8334013877077 0.505508723515889 0.122241645714088 4.13532328170897 3.54455292894056e-05 0.0029635221718762
ENSDARG00000025071 235.155062506363 -0.194022006432971 0.046944831471175 -4.13297908103267 3.58091329301528e-05 0.00297663607480318
ENSDARG00000091650 5.60744012343662 1.05691394090849 0.255729457320494 4.13293780068483 3.58155674533167e-05 0.00297663607480318
ENSDARG00000101271 25.3021083967279 0.485880089480168 0.11759971031143 4.1316435915824 3.60178583826476e-05 0.00298456586152948
ENSDARG00000009194 51.7359212427154 0.776944572773955 0.188236654153558 4.1274882209718 3.66747211300017e-05 0.00302146973197686
ENSDARG00000011973 76.4891766707931 -0.239906158172015 0.0581244401476992 -4.12745753012662 3.66796146513932e-05 0.00302146973197686
ENSDARG00000096689 340.224694629395 -0.206874623057535 0.0501412361061566 -4.12583811495094 3.69387045013616e-05 0.00303386271529566
ENSDARG00000103340 8.0380925504435 0.814922911311999 0.197642212318993 4.12322297828117 3.73607714775955e-05 0.00305952945311394
ENSDARG00000019280 129.938730860479 -0.209732740960128 0.0508941414997496 -4.12096038521762 3.77296303933692e-05 0.00308070154600829
ENSDARG00000094920 6.08361377958273 1.09364407508444 0.265498558642866 4.11920908601069 3.80175064558673e-05 0.00309515704892156
ENSDARG00000100751 8.80929834386327 0.718404884892283 0.174444108996617 4.11825248226764 3.81756308682036e-05 0.00309899561626333
ENSDARG00000103222 200.456535921084 0.358255011679398 0.0870094199156534 4.11742788340262 3.83124360025972e-05 0.00310108630542761
ENSDARG00000098544 77.378294188594 0.562465384617152 0.136640170255697 4.11639844684474 3.84838779184822e-05 0.00310596037824744
ENSDARG00000031770 301.431946011445 -0.15237255964057 0.0370566154384995 -4.11188549837891 3.92440929555271e-05 0.00315818817228557
ENSDARG00000078959 6.60376801758641 0.846118589436202 0.205961093070167 4.10814769344784 3.98845030665747e-05 0.00320050214981063
ENSDARG00000102482 17.5999215662312 0.456685954059936 0.111292640175043 4.10346949575149 4.07000137204644e-05 0.00325658419238959
ENSDARG00000024488 903.326267537205 -0.193520868768274 0.0471814411652967 -4.10163114963547 4.10247872726023e-05 0.00327319195596406
ENSDARG00000060922 138.519414998825 0.217880954630556 0.053146341644153 4.09964162894601 4.13790384368961e-05 0.00329205028020035
ENSDARG00000007720 67.4668940113188 0.339837367322495 0.0829715104707643 4.09583199575762 4.20654917196515e-05 0.00333715584167974
ENSDARG00000007219 100.818495601323 0.372520510750981 0.091021531455921 4.09266362356671 4.26446125747898e-05 0.00337351503158925
ENSDARG00000101512 40.2116567681313 0.394368698985367 0.096515177099201 4.08607962849225 4.38723265611028e-05 0.00345222749347788
ENSDARG00000042623 231.802299421199 -0.1552511449616 0.037995849791745 -4.08600270325656 4.38868669716973e-05 0.00345222749347788
ENSDARG00000044053 3.89671980269114 1.01271505244217 0.24790962631983 4.08501705833586 4.40735785823104e-05 0.00345717607278376
ENSDARG00000015757 221.594579137374 0.339625456914804 0.0831812222994053 4.08295823896823 4.44660160133949e-05 0.00347081623320575
ENSDARG00000041691 25.908383284042 0.49907427205747 0.122252923507976 4.08230950832772 4.45903575517301e-05 0.00347081623320575
ENSDARG00000061093 40.8921874210979 0.431248904536387 0.105642505219627 4.08215333061095 4.4620341189646e-05 0.00347081623320575
ENSDARG00000079616 157.269960740751 -0.277332625394617 0.0679953454389122 -4.07870014637657 4.52882038597673e-05 0.0035129808132889
ENSDARG00000074773 7.16313342576782 0.918238738050469 0.225320653641336 4.07525330328624 4.59642870270364e-05 0.0035555476876177
ENSDARG00000063019 5.96606054047365 1.26262550996757 0.309980956487362 4.07323573768973 4.63644529542506e-05 0.00357659488604268
ENSDARG00000002467 47.0663255361465 0.46512734203484 0.114269720464061 4.0704338834987 4.69256580050473e-05 0.00360489281842579
ENSDARG00000018516 13.2389392810248 0.50990406299469 0.125279942739547 4.07011730564698 4.69894712947892e-05 0.00360489281842579
ENSDARG00000052553 620.671206691737 -0.14835976479618 0.0365690033370123 -4.05698135737875 4.9711048269798e-05 0.00380323567927153
ENSDARG00000014915 68.9576878910512 0.405070872363217 0.100042071201299 4.04900525847926 5.14357892341193e-05 0.00392443829060869
ENSDARG00000097316 10.8068392503828 0.782480234381004 0.193429219764346 4.04530523017307 5.22549953027389e-05 0.0039675826642856
ENSDARG00000077256 260.185296114477 0.290731269069181 0.0718712317869692 4.04516886437854 5.22854223977476e-05 0.0039675826642856
ENSDARG00000102291 93.613191974683 0.227592009644339 0.0563155618123595 4.04136977986056 5.31398870636023e-05 0.0040214941632821
ENSDARG00000059887 39.8332493428302 -0.287845498141431 0.0712378457075543 -4.04062609252804 5.33086935172515e-05 0.00402336558505202
ENSDARG00000059770 93.7126253400037 0.352966132524747 0.0873974314273629 4.03863279229323 5.37636539253022e-05 0.00404676559532092
ENSDARG00000045888 11.6538840841998 0.598329522502544 0.148187015412423 4.03766497919751 5.39858766843013e-05 0.0040525688344331
ENSDARG00000092067 52.7165165978816 0.35667831343161 0.0883719494365343 4.03610326246978 5.43463037925278e-05 0.00406868775712155
ENSDARG00000045516 153.37245448849 -0.25878152441821 0.0641559113415745 -4.03363492165864 5.49206227849471e-05 0.00410069088574772
ENSDARG00000028106 36.3405234855959 0.404903864964287 0.100464535042872 4.03031641754477 5.57018190508921e-05 0.00414792879198977
ENSDARG00000062542 87.7705853133318 0.244817704699355 0.0608724801495571 4.02181255138388 5.7752010214685e-05 0.00428916192884329
ENSDARG00000007485 93.1003099624131 -0.232901627682736 0.0579391020087803 -4.01976591986947 5.82559939980364e-05 0.0043151157357962
ENSDARG00000032426 24.9107842807534 0.469997850369525 0.117062445584552 4.01493278243582 5.94627389176017e-05 0.00439284916474611
ENSDARG00000027196 17.56981397362 0.590454525345429 0.147222609441265 4.01062396316915 6.05584947566615e-05 0.00446199463345587
ENSDARG00000007217 161.565893019768 -0.192288625676905 0.0479592055993017 -4.00942057471662 6.08679217271384e-05 0.00447299135323774
ENSDARG00000105285 55.8632013477406 0.398566109475401 0.0995118535185617 4.00521239814971 6.19617806722117e-05 0.00454142447577825
ENSDARG00000046098 9.69685821568923 0.557769455824432 0.139461257862277 3.99945808874927 6.34876891893529e-05 0.00462723680758858
ENSDARG00000029036 37.8120411145537 0.390868427076981 0.0977373943523676 3.99916971049794 6.35650887524261e-05 0.00462723680758858
ENSDARG00000089742 20.8725740534638 0.574562731269266 0.143679142409225 3.99892929227545 6.36296843013076e-05 0.00462723680758858
ENSDARG00000045249 17.5199732106487 0.452485969098027 0.113237454432396 3.99590375257126 6.44479155378521e-05 0.00466394799948829
ENSDARG00000005126 238.788680563905 0.422969974920586 0.105852899153631 3.99582796789255 6.44685381487011e-05 0.00466394799948829
ENSDARG00000103320 54.6805512133455 0.57088710925249 0.143092896857535 3.98962577311488 6.61776214909134e-05 0.00477521984530687
ENSDARG00000007097 7.78823566390017 -0.795441754529626 0.199445716347193 -3.98826191455989 6.65591561597866e-05 0.00479032493807841
ENSDARG00000056647 27.2688888135334 0.432548225432529 0.108471869559116 3.98765345513654 6.67300412144136e-05 0.00479032493807841
ENSDARG00000078002 10.7799554920386 0.624328585303644 0.156672998507418 3.98491502206159 6.75042787568554e-05 0.00482606331083061
ENSDARG00000038489 29.6177758708622 -0.488195741619693 0.122518440052774 -3.9846715433971 6.7573527467673e-05 0.00482606331083061
ENSDARG00000042509 9.51139884114981 0.587897445305468 0.147718176324259 3.979858538295 6.8956288834612e-05 0.00490335917579187
ENSDARG00000008660 25.9483168708201 0.437622393789048 0.109964111460216 3.97968380754275 6.90069885796313e-05 0.00490335917579187
ENSDARG00000098378 94.379324537214 0.347696144138926 0.087403544078481 3.97805544162744 6.94811728988551e-05 0.00492438769178604
ENSDARG00000102636 18.391190093043 0.521039102611954 0.131011931181833 3.97703551052002 6.97797478290845e-05 0.00492438769178604
ENSDARG00000041430 112.957128755738 -0.248527320508461 0.0624933923211065 -3.97685757290093 6.98319615379506e-05 0.00492438769178604
ENSDARG00000042799 84.0606165964141 -0.248844781425224 0.0626128276548362 -3.97434185207259 7.0574137192775e-05 0.00495137304683134
ENSDARG00000097504 237.21186012419 -0.440566218860739 0.110865075486505 -3.97389544838554 7.07066101060859e-05 0.00495137304683134
ENSDARG00000099999 771.502795630029 -0.165013432712055 0.0415257571520493 -3.97376096257191 7.07465656467576e-05 0.00495137304683134
ENSDARG00000027353 388.153058866632 -0.209565888896181 0.0527934044963869 -3.9695467813697 7.20094685137177e-05 0.00502716102061392
ENSDARG00000104361 4.53713660992702 -0.923428935735572 0.232706678051737 -3.96820986602829 7.24145497806551e-05 0.00504283367238103
ENSDARG00000071065 112.588775996438 0.41336604079137 0.104305678777325 3.96302526992643 7.40059448172084e-05 0.00513000132197138
ENSDARG00000093999 93.4098290655629 0.239164226513867 0.0603502644772365 3.96293584768095 7.40336806716013e-05 0.00513000132197138
ENSDARG00000018882 96.2708916911756 -0.309543857162235 0.0781624811814163 -3.96026140014388 7.48677650638141e-05 0.00517495628566091
ENSDARG00000034916 145.601657347718 -0.193073706304148 0.0487611497128248 -3.95958067931625 7.50814770322834e-05 0.0051769141879667
ENSDARG00000035852 1.30270353508389 1.77780935553961 0.449138210036353 3.9582678912928 7.54952562944412e-05 0.00519262323158195
ENSDARG00000037928 287.702819171034 -0.192561454439934 0.0487386856276576 -3.9508955147256 7.78593127346878e-05 0.0053420670961085
ENSDARG00000041072 162.029896640385 -0.180634765333155 0.0457354925147386 -3.94955329878527 7.82971756158492e-05 0.00535894271831517
ENSDARG00000071336 29.7336471481469 0.344695901903896 0.0873129811389472 3.94781964156461 7.88661820775981e-05 0.00538468981544481
ENSDARG00000075225 13.3881243212075 0.498052397846997 0.126207873284674 3.94628627267645 7.93727073977881e-05 0.00539865493321711
ENSDARG00000077237 54.6789274385217 0.556049691778477 0.140929411977215 3.94559009348862 7.96036934270257e-05 0.00539865493321711
ENSDARG00000096358 4.1179072986863 1.54834526377838 0.392453214493279 3.94529897220374 7.97004731659515e-05 0.00539865493321711
ENSDARG00000079756 105.110724316177 0.444937233603565 0.112788884305701 3.94486776194731 7.98440281976246e-05 0.00539865493321711
ENSDARG00000040059 100.900708998894 0.477686179650564 0.121137328346624 3.94334418771154 8.03532041749139e-05 0.00541995948450355
ENSDARG00000105590 181.781749715531 -0.346201370277208 0.0878709223020161 -3.93988547300436 8.15205171260827e-05 0.00547037500790875
ENSDARG00000008388 44.6420780563155 0.354145741843227 0.0898968719951785 3.9394667910383 8.16629045415577e-05 0.00547037500790875
ENSDARG00000006029 62.4944025623079 0.422291079870929 0.107197015760891 3.93939212648302 8.16883215146983e-05 0.00547037500790875
ENSDARG00000061915 64.5664602471409 0.329291043137486 0.0836524829849019 3.93641684487618 8.27072607291676e-05 0.0055253594637847
ENSDARG00000008333 211.140542719575 0.277176384037704 0.0704500068037524 3.9343698689741 8.3415247092064e-05 0.00555935745834341
ENSDARG00000055540 37.4488982020211 0.370042916595642 0.0940872614122856 3.93297574019221 8.39007082118821e-05 0.00557839827813526
ENSDARG00000104960 1.6197988468788 1.4763503073248 0.375901773968173 3.92748959851888 8.58371319590306e-05 0.00569359123504971
ENSDARG00000075191 8.58727736436149 0.713534756825238 0.181786745662595 3.92511981126277 8.66865814198652e-05 0.0057363099197861
ENSDARG00000100400 99.7465461568719 0.486180240616368 0.123973251258773 3.92165435430544 8.79430845004596e-05 0.00579221049806033
ENSDARG00000079908 7.74561858493265 0.652306325960287 0.166334837371813 3.92164585763936 8.79461862552402e-05 0.00579221049806033
ENSDARG00000090301 34.8477367690581 0.555007372971104 0.141605270074357 3.91939772213046 8.87705219875627e-05 0.00583274547412397
ENSDARG00000005186 94.9549100131553 0.332230644406364 0.0847840785797502 3.91854992083046 8.90832809300181e-05 0.00583955544594074
ENSDARG00000052361 5.67811343200882 0.810301693050781 0.207132787542431 3.91199144599351 9.15381549077693e-05 0.00598642383091208
ENSDARG00000045167 509.464153878342 -0.123329832505783 0.0315329586135012 -3.91114053132261 9.18613001764286e-05 0.00599167804818903
ENSDARG00000099284 7.49657065784825 1.67245354564228 0.427703960548487 3.91030642666374 9.21791071384704e-05 0.00599167804818903
ENSDARG00000096382 7.71966439015708 0.647477806225876 0.165602912851767 3.90982136168969 9.23644017563133e-05 0.00599167804818903
ENSDARG00000099400 30.6430460937372 -0.517268452241233 0.132314568176423 -3.90938397313536 9.25317855718634e-05 0.00599167804818903
ENSDARG00000099900 61.1657612096443 -0.411943819313994 0.105387509350492 -3.90884860884201 9.27370535725904e-05 0.00599167804818903
ENSDARG00000062054 42.6643462620378 -0.632326502984937 0.161786159254203 -3.90840913647878 9.29058762709347e-05 0.00599167804818903
ENSDARG00000015921 120.483947462189 -0.294794019155211 0.0755030511542589 -3.90439875804387 9.44599243532087e-05 0.00607786494830266
ENSDARG00000043542 97.7901806711929 -0.24770902461418 0.0634798513615113 -3.90216768472727 9.53350740749085e-05 0.00612007343342947
ENSDARG00000070898 130.910532542476 -0.304521222690883 0.0781424891134949 -3.89699926564399 9.7391914341129e-05 0.00622394300906135
ENSDARG00000096777 6.98723515298893 0.761820663012466 0.195512226213043 3.89653720265216 9.75778245752409e-05 0.00622394300906135
ENSDARG00000045416 39.3084555764789 0.298671823911224 0.0766527214290825 3.89642818079915 9.76217381546596e-05 0.00622394300906135
ENSDARG00000052020 50.446807504852 0.440902763475997 0.113205859653094 3.89469913330539 9.8320691184164e-05 0.00625422619890155
ENSDARG00000100697 147.279511168886 0.318799492643574 0.081982774761388 3.88861554846666 0.00010081766979019 0.00639848506566146
ENSDARG00000077284 21.294825323447 0.559697462401571 0.143976725703805 3.88741624499091 0.000101316929887042 0.00641559017482009
ENSDARG00000052351 101.715406216174 -0.245527936505387 0.0632126725671229 -3.88415687130885 0.000102685596012433 0.00648754585666784
ENSDARG00000088505 10.2322928821991 0.562751951322339 0.14521986964529 3.87517185283875 0.000106549476505077 0.0067164653079103
ENSDARG00000100764 7.35292154752424 0.661078430393652 0.170672786687856 3.87336753106809 0.000107341762993018 0.00675116831436942
ENSDARG00000017143 144.731180873684 0.173846464885815 0.0449295866970694 3.86930923843006 0.000109144138341447 0.00684910126558407
ENSDARG00000090600 19.6461407772526 0.510522175640278 0.131972596698583 3.86839532153995 0.000109553948927509 0.00685940364080872
ENSDARG00000020228 363.367786187976 -0.145872624428017 0.0377357437326577 -3.86563533665759 0.000110800386798269 0.00692192573007086
ENSDARG00000087616 45.012120657935 0.334704691850285 0.0866338920869121 3.86343824325133 0.000111802168119421 0.00696891862664025
ENSDARG00000039843 102.888646984181 -0.22472675335515 0.0582356421018386 -3.85892119060287 0.000113888653595044 0.00707738373046447
ENSDARG00000008170 75.8093927469213 -0.317440846114724 0.0822688907181752 -3.8585769583568 0.000114049155907216 0.00707738373046447
ENSDARG00000078172 136.687551008557 0.290938923292232 0.0754263934614756 3.85725619296421 0.000114666960042162 0.00709994425538221
ENSDARG00000077038 816.612020813845 -0.14489932968184 0.0375744951348414 -3.85632139997753 0.000115106126985344 0.00711136857536667
ENSDARG00000014498 513.564387980328 -0.153284821392888 0.0397692160614686 -3.85435863648822 0.000116033403236119 0.00715283175578061
ENSDARG00000077912 48.5862537341571 0.345871773826136 0.0897862878586494 3.85216698534905 0.000117077137329678 0.00717829772181806
ENSDARG00000075798 59.5170621594567 -0.249922318118443 0.0648795055554028 -3.85209961110177 0.000117109362934339 0.00717829772181806
ENSDARG00000071694 235.310739580679 -0.200513914842995 0.0520562075763649 -3.85187327657026 0.000117217681688417 0.00717829772181806
ENSDARG00000007245 7.77884410018008 0.687910683566067 0.178812822114365 3.84709930435577 0.000119524532723123 0.00730355049517113
ENSDARG00000004470 81.0204816782336 0.210869136217311 0.0548223268830993 3.84640981523749 0.000119861220085962 0.00730813225087445
ENSDARG00000029402 204.369546093249 0.258348431211934 0.0671952985653074 3.84473968756674 0.000120680477466624 0.00734205301362848
ENSDARG00000011956 15.282334952973 0.531879961993067 0.138386546539094 3.84343691850718 0.000121323194647115 0.00736510915330584
ENSDARG00000070463 363.788012518087 -0.115960903127588 0.0301916839006093 -3.84082264206693 0.000122622688161666 0.00742375386432406
ENSDARG00000099279 10.9073872880631 0.548241261331009 0.14275531978324 3.84042613727783 0.000122820923377537 0.00742375386432406
ENSDARG00000012314 295.981032634272 0.264615899414903 0.068986848024809 3.83574415981061 0.000125184670728697 0.00755028494621786
ENSDARG00000101413 55.6836660362339 0.291582549315012 0.076033231950904 3.83493561740597 0.00012559718936983 0.00755883946800107
ENSDARG00000074955 813.857103907331 0.354947175696053 0.0926131135249416 3.83258009785474 0.000126806292363272 0.00761519508439652
ENSDARG00000026902 11.7300819273156 0.516991521811777 0.135064532509818 3.82773709873979 0.000129326784115822 0.00774989366187627
ENSDARG00000069910 189.569532984144 -0.21647229249013 0.05656186567141 -3.82717737331548 0.000129621112473649 0.00775089842789433
ENSDARG00000034600 80.3682856066889 0.461499589023315 0.120809065791863 3.82007414756782 0.000133411561897608 0.00794742091277121
ENSDARG00000040190 128.185521127325 -0.267895643356041 0.0701306029889831 -3.8199535144183 0.00013347682750545 0.00794742091277121
ENSDARG00000091902 719.491983719816 -0.229695490341888 0.0601709491741258 -3.81738186773792 0.000134875330852483 0.00799843583604787
ENSDARG00000078600 51.5986617473201 0.272538336929738 0.0713951117612321 3.81732488690812 0.000134906473725284 0.00799843583604787
ENSDARG00000008765 97.98451568796 0.312717405511537 0.0819324997103351 3.8167687622997 0.0001352107795675 0.007999493685217
ENSDARG00000090767 3.72226418513728 1.04046968363028 0.27277924387107 3.81432864489522 0.000136553647385853 0.00806186174048616
ENSDARG00000098990 18.7206039347714 0.496913951148831 0.130457422850913 3.80901247540896 0.000139522918927227 0.00821978377857132
ENSDARG00000041397 46.8291957197538 0.449229573901709 0.118097817644036 3.80387701367822 0.000142448923045474 0.00837449721272601
ENSDARG00000045658 9.87461501124493 0.544741560821229 0.143259763236965 3.80247425035999 0.000143258160148081 0.00840437840784699
ENSDARG00000025513 29.2735581926926 0.480824620380115 0.126493925655435 3.8011676678441 0.000144015804302192 0.00843111391014405
ENSDARG00000069538 39.5361827441112 -0.311572943799434 0.082012266108886 -3.79910175126445 0.000145221465831641 0.00848391094842801
ENSDARG00000063031 320.000506579227 -0.158505181132076 0.0417506887503217 -3.79646865420524 0.00014677191135404 0.00855658794271726
ENSDARG00000076290 87.3314796631047 0.393325532850158 0.103625984732829 3.79562649140792 0.000147271082530866 0.00855886019493263
ENSDARG00000061923 289.927210776646 -0.187658175749789 0.0494439838571756 -3.79536924637505 0.000147423876589529 0.00855886019493263
ENSDARG00000029936 9.23456298320136 0.79936566660397 0.210769263095396 3.79261024527173 0.000149072033721566 0.00863659033542477
ENSDARG00000045754 30.9450689484355 -0.361697031827541 0.0953825718455294 -3.79206625308137 0.00014939904160666 0.00863761539723807
ENSDARG00000014966 80.4764868548586 -0.193911049475479 0.0511769596504406 -3.78903027456048 0.000151236484319469 0.00872578269549829
ENSDARG00000077080 17.2372384281384 0.438886592724765 0.11593824688384 3.78552034829793 0.000153387281731915 0.00883162854095612
ENSDARG00000076920 107.514513640323 -0.353233552610367 0.0933524068233102 -3.78387193893071 0.000154407293116093 0.00886082571183531
ENSDARG00000025699 243.757226940475 -0.162688531326765 0.0429974801037833 -3.78367594877846 0.000154528992718489 0.00886082571183531
ENSDARG00000069752 26.6155806274604 0.538436417817995 0.142324985343138 3.78314753744645 0.000154857558442361 0.00886146991701422
ENSDARG00000097187 5.09560005441028 0.786171607199921 0.20786962387219 3.7820418036803 0.000155547231612388 0.00888273301181173
ENSDARG00000089967 132.087111134585 -0.233349624931802 0.0617273607647805 -3.78032726558662 0.000156622350258315 0.00892587577747642
ENSDARG00000038967 306.250138612757 -0.144879771739848 0.0383316858486915 -3.77963474687075 0.000157058580967272 0.00893250687069463
ENSDARG00000016830 661.891816394491 0.286995786073462 0.0760274227112465 3.77489826484685 0.00016007297815187 0.00908544291644505
ENSDARG00000099633 5.39409245189087 -0.791308322823475 0.209772065971507 -3.77222924872637 0.000161795494221619 0.00916458250738075
ENSDARG00000074696 14.1028907999489 0.57578122879505 0.152756162975628 3.76928313450053 0.00016371708748965 0.00925465519868112
ENSDARG00000088877 23.8757205608101 0.437994765313376 0.116292381998648 3.76632379340608 0.000165668910690531 0.00934606935562239
ENSDARG00000070412 13.1468489472066 0.608029986432219 0.161544599089898 3.76385214892797 0.000167315831345537 0.00941994877081476
ENSDARG00000038870 202.816353542327 -0.214608241937983 0.0570680056418857 -3.7605702095969 0.000169526484149601 0.00952520537198714
ENSDARG00000055548 150.376381950509 -0.221738559785523 0.0590044875247755 -3.75799484221292 0.000171280411016471 0.00960442866994973
ENSDARG00000086481 92.2583665911522 0.407771128788552 0.108549134186198 3.75655809551728 0.000172266294740101 0.00963173461664291
ENSDARG00000036754 129.506684185571 0.257017487728854 0.0684233961178979 3.75628077983731 0.000172457199939891 0.00963173461664291
ENSDARG00000073910 23.0155317136467 0.400185080591957 0.106583195038179 3.75467333709226 0.000173567695013184 0.00967440695258114
ENSDARG00000099312 137.249898050205 0.210073143691644 0.0560096760014423 3.75065807711929 0.00017637107227629 0.00981108006636535
ENSDARG00000045555 19.7945734929211 0.489771501273941 0.130622560492455 3.74951692439249 0.000177175539880856 0.00983043111820913
ENSDARG00000103125 96.0200578613926 0.306860195444974 0.0818475692135887 3.74916687683411 0.000177423000307158 0.00983043111820913
ENSDARG00000018534 83.1544844910215 0.440986272698412 0.117685090672109 3.74717196698328 0.000178839484589604 0.00987690234885777
ENSDARG00000035120 334.981032468314 0.291681790901748 0.0778442909825979 3.7469901417299 0.000178969116867396 0.00987690234885777
ENSDARG00000089720 18.7683698695799 0.469203398657614 0.12533836239359 3.74349392873199 0.000181478989460009 0.00999566228929142
