baseMean log2FoldChange lfcSE stat pvalue padj
ENSDARG00000104825 113.652096841069 0.935093041895616 0.0773186694073045 12.0940136329774 1.13598424324687e-33 3.17223599926688e-29
ENSDARG00000033134 43.9188476451505 1.04550440519253 0.0916806343843394 11.4037649522539 4.00419773308481e-30 5.59086108481966e-26
ENSDARG00000040712 26.4705561209186 1.33057008464748 0.117305023807581 11.3428226810649 8.0505157698933e-30 7.49368842914235e-26
ENSDARG00000013926 24.3062263434121 2.13886211478031 0.195002639767851 10.9683751836724 5.42382815757719e-28 3.78651003250858e-24
ENSDARG00000039943 161.032391659836 1.77587093519659 0.166517053961602 10.6647991478765 1.48720026175468e-26 8.3060134618999e-23
ENSDARG00000000551 33.8016835858639 1.19886013909883 0.114635193121399 10.4580461414605 1.34602620520654e-25 6.26463029673211e-22
ENSDARG00000042637 273.012311183951 0.557410199018689 0.0546998733061383 10.1903380269098 2.19001393753192e-24 8.73659131508268e-21
ENSDARG00000053129 256.027102667279 0.793811532255737 0.079897431050853 9.93538242488038 2.9205312990819e-23 1.01944795658577e-19
ENSDARG00000102906 57.3018418620693 1.18339487235983 0.122958320356718 9.62435782244459 6.30998245256436e-22 1.95784733319844e-18
ENSDARG00000011122 48.3950622277257 0.797949065163427 0.0914323712355735 8.7272051941815 2.61043203618911e-18 7.28963146105809e-15
ENSDARG00000006031 120.814026899331 0.981516309630015 0.115753591779712 8.47935942668559 2.26437149604991e-17 5.74841582065396e-14
ENSDARG00000093019 76.5029731740227 1.40530961296539 0.168484327202879 8.34089221410604 7.37320802180212e-17 1.71580695007354e-13
ENSDARG00000104687 236.33393552081 1.05537899759384 0.127457761707936 8.28022541312309 1.22942339784923e-16 2.64089602961076e-13
ENSDARG00000018491 61.1145221091147 0.585018081339577 0.0710223509507117 8.23709823046508 1.76437617395017e-16 3.51930033268275e-13
ENSDARG00000052155 50.9400042710691 0.827121249206559 0.101152557755025 8.17696821082578 2.91074763009085e-16 5.41884183801913e-13
ENSDARG00000098608 29.8858020434683 0.839099316693595 0.103874604918837 8.07800248529683 6.58362653275859e-16 1.14904856829552e-12
ENSDARG00000063229 826.526617524572 0.487660123304963 0.0615322969703636 7.92527091162937 2.27649473081314e-15 3.73947737399747e-12
ENSDARG00000067950 62.4548442756358 0.895247154170323 0.113225079511352 7.90679201139856 2.64106332464437e-15 4.09731629670522e-12
ENSDARG00000075536 130.676257883672 0.403696840867561 0.0512247946871498 7.88088743611563 3.250640481241e-15 4.77758607571869e-12
ENSDARG00000044169 19.9659013279397 0.880133337728602 0.111916584341283 7.86419048534121 3.71491894990882e-15 5.18695558381019e-12
ENSDARG00000071235 16.5786220028628 1.54297428434296 0.198938722268115 7.75602792031332 8.76307399053279e-15 1.16528019612204e-11
ENSDARG00000060246 55.8142427541266 0.908704539573545 0.118451343116648 7.67154272517346 1.69939852110191e-14 2.15707744098958e-11
ENSDARG00000003244 56.6469547106462 0.642777488409315 0.085772225335291 7.49400503364162 6.6803160309287e-14 8.1107750071167e-11
ENSDARG00000061226 16.3129324108153 1.0096295487382 0.135983486231573 7.42464821808478 1.13080050857633e-13 1.31573350841642e-10
ENSDARG00000056059 242.09163685031 -0.241659280195665 0.0326473704130873 -7.40210550307574 1.34041933881825e-13 1.49724840145999e-10
ENSDARG00000044016 108.257135219231 0.374525502696853 0.0507514202265951 7.37960634450563 1.58758230536564e-13 1.66893625739335e-10
ENSDARG00000055543 61.8884375917734 0.586337185400474 0.0794770818947988 7.37743726143078 1.61365367769456e-13 1.66893625739335e-10
ENSDARG00000062821 11.0012139820738 1.1487388435042 0.157605253686182 7.28870907940369 3.12938963440398e-13 3.12100734074039e-10
ENSDARG00000103840 15.0608082956065 1.23138009699148 0.16906174466275 7.2836116736396 3.24999653108567e-13 3.12952252174371e-10
ENSDARG00000041060 85.6219379332799 1.55332676715584 0.214980798029896 7.22542097429478 4.99551902541705e-13 4.64999562615904e-10
ENSDARG00000036028 120.107918480194 0.665442404857913 0.0926177267682267 7.18482765748682 6.72920156131454e-13 6.06170818063575e-10
ENSDARG00000038467 133.086330455982 0.393307611195652 0.0551063918101044 7.13724122150807 9.52226579532487e-13 8.30966476045147e-10
ENSDARG00000002285 173.516937341335 0.689605791785077 0.097584207629977 7.06677656696201 1.58573961861412e-12 1.34187208635755e-09
ENSDARG00000020645 353.295366731268 0.539188375420372 0.0769360168175178 7.00826995890958 2.41282923811076e-12 1.98171342571303e-09
ENSDARG00000021433 20.4191585692448 0.733334673572486 0.104800358324423 6.9974443341344 2.60673576357345e-12 2.07980274850825e-09
ENSDARG00000006527 897.259623987684 -0.194275968051236 0.0278673632553407 -6.97145138099864 3.13687730535044e-12 2.4332582986642e-09
ENSDARG00000036967 50.4216590120042 0.804637754334197 0.115905687844236 6.94217660323572 3.86104100930478e-12 2.914042437428e-09
ENSDARG00000063218 88.7006925068127 0.516427232499074 0.0746950637152873 6.91380670706063 4.71817964423604e-12 3.46724122540241e-09
ENSDARG00000024746 29.3931047480147 -1.02338093018314 0.148815721143541 -6.87683345764281 6.11975832745056e-12 4.38190387933479e-09
ENSDARG00000052480 895.909479624123 -0.196291037554098 0.0286644698190887 -6.84788655757311 7.49489594521311e-12 5.2323742317519e-09
ENSDARG00000018048 8.68465651969904 1.60891585509293 0.23578107042327 6.8237702551975 8.86816684461569e-12 6.04008680819252e-09
ENSDARG00000086786 32.7863607911518 0.617941607241467 0.0907999790691069 6.80552587761234 1.00680778798807e-11 6.69407320942065e-09
ENSDARG00000038785 610.507120628191 -0.27962050695394 0.0411160981847924 -6.80075491835854 1.0407233974873e-11 6.75865136624023e-09
ENSDARG00000045123 54.2465198553206 0.530640733499609 0.0781700739394663 6.78828491208194 1.13474392267789e-11 7.20175546381363e-09
ENSDARG00000016375 117.663989814167 0.550221713878991 0.0819159017371272 6.71690968677466 1.85618931345941e-11 1.15186859063009e-08
ENSDARG00000038000 80.1853445893209 0.663151959446152 0.100609033665531 6.59137589623177 4.35769005437914e-11 2.6454020601856e-08
ENSDARG00000043465 11.4472530737038 1.05447322061392 0.160124130303943 6.5853486205505 4.53819268457213e-11 2.69636235567397e-08
ENSDARG00000027572 9.28500044105052 1.19474352060617 0.181939394702665 6.56671152808159 5.1438558568571e-11 2.95883551602221e-08
ENSDARG00000052894 57.2569838806814 0.648645980153605 0.0987987268478749 6.56532731593147 5.19186894485544e-11 2.95883551602221e-08
ENSDARG00000005840 58.4191293343681 0.711353026394907 0.108578705816477 6.55149664057756 5.69632697150608e-11 3.18139861358615e-08
ENSDARG00000036685 124.162127826056 -0.327407967473128 0.0503200702692476 -6.50650855058957 7.69175266013115e-11 4.21161162812083e-08
ENSDARG00000055300 94.7979261289039 -0.394184276959894 0.06066455463121 -6.49776923866345 8.15197162297969e-11 4.37776553022515e-08
ENSDARG00000098733 74.0385830205264 0.592653539303835 0.0915605862165342 6.47280193141459 9.62020262749361e-11 5.0687577051464e-08
ENSDARG00000032083 41.0705788320956 0.588246394586715 0.0914986056091516 6.42902031862089 1.28428961552401e-10 6.64144213213112e-08
ENSDARG00000004754 195.204601099839 -0.375370420697479 0.059048434184109 -6.35699194879748 2.05742771973724e-10 1.04461216497568e-07
ENSDARG00000019062 23.9856573689011 0.943350858084795 0.14873585457191 6.3424576461401 2.26128388775747e-10 1.12761343867192e-07
ENSDARG00000001447 66.9692088801732 0.42227103018493 0.0670188200823899 6.30078281989759 2.96146106611756e-10 1.4508561451111e-07
ENSDARG00000005454 273.234998199566 -0.275506376972944 0.0438593329301719 -6.28159068017691 3.35126232971391e-10 1.61351725098726e-07
ENSDARG00000035859 47.7631122018884 -0.561378164929647 0.089570730021434 -6.26742871019708 3.67058574830092e-10 1.73730689866616e-07
ENSDARG00000091511 12.1596829694569 1.19525818547803 0.192362074049409 6.21358545536905 5.17890462975194e-10 2.41034852976372e-07
ENSDARG00000019963 52.8112051951663 0.716850411552409 0.115452438245237 6.20905389654673 5.33045403281566e-10 2.44021194862914e-07
ENSDARG00000013379 457.003166608087 -0.199796837607062 0.0323609888636162 -6.17400285414935 6.65823379492298e-10 2.99888997940684e-07
ENSDARG00000078041 1366.29868562605 0.371155527330421 0.0602802320795269 6.15716818808462 7.40571893717628e-10 3.28261430667695e-07
ENSDARG00000098855 14.3593654514936 0.783254381505199 0.127931394222564 6.12245638582319 9.21436434415892e-10 4.02048631735372e-07
ENSDARG00000071212 195.164192181338 0.410123496638641 0.067166353584862 6.10608548401345 1.02104335970708e-09 4.3865593568954e-07
ENSDARG00000087697 38.6900420369231 0.790172700362754 0.130098403484119 6.07365408953087 1.25031907904121e-09 5.29017580033724e-07
ENSDARG00000012649 27.8795166843582 0.761325866988627 0.125462490641458 6.0681552159228 1.29387829418787e-09 5.39276886047705e-07
ENSDARG00000041078 12.4674610214335 0.783904314977242 0.129842367880458 6.03735381427241 1.5666197507919e-09 6.43350831483291e-07
ENSDARG00000035569 18.5675500893891 0.675395556365238 0.112304042074103 6.01399151706032 1.81009986284887e-09 7.32565777826879e-07
ENSDARG00000105727 16.1756104866842 0.829081040425477 0.138024021661855 6.00678802459937 1.89234660665627e-09 7.54911128441093e-07
ENSDARG00000030357 16.8179219304981 0.911380264882329 0.152174042682326 5.98906520992481 2.11050537450086e-09 8.30082571590656e-07
ENSDARG00000058871 13.325904155448 1.04013754226568 0.173810173863198 5.98433060129346 2.17281588928454e-09 8.42720607059315e-07
ENSDARG00000035910 595.412173263727 -0.224616817586743 0.0376559898901095 -5.96496913883387 2.44680282848813e-09 9.35985876514124e-07
ENSDARG00000045132 377.299857410055 0.673401771896985 0.113108125550552 5.95361092423034 2.62289937302024e-09 9.89790067453923e-07
ENSDARG00000031317 73.7680785973545 0.844042093846944 0.14193809018544 5.94655101209418 2.73851218418115e-09 1.01963936991011e-06
ENSDARG00000037708 351.915859083241 -0.225079414763917 0.0382031312568457 -5.89164833768917 3.82362204677782e-09 1.40492954810882e-06
ENSDARG00000095332 69.9263559438324 -0.484745685983904 0.0825300019707616 -5.87356930096328 4.26510610483488e-09 1.54679335035733e-06
ENSDARG00000070084 166.059325977769 -0.285963895773413 0.049082407617411 -5.82619943997966 5.67038470817411e-09 2.03007042276618e-06
ENSDARG00000016253 60.6958302661705 0.550261859497747 0.0945653496012577 5.81885290772963 5.92528471792106e-09 2.09447564237906e-06
ENSDARG00000030972 154.557853025765 -0.378868155447994 0.0651384865904449 -5.81634875599903 6.01469121852273e-09 2.09950315346559e-06
ENSDARG00000014101 44.6472083631477 0.480505385060026 0.0827170437892952 5.80902511801577 6.28376624235797e-09 2.16634780639317e-06
ENSDARG00000040732 43.5991529689706 0.827540178299459 0.142702065069841 5.79907640365571 6.66811485956638e-09 2.27081838357794e-06
ENSDARG00000099009 14.8138442802002 0.756458157465543 0.132006969841548 5.73044103939016 1.00169841979261e-08 3.37017209309744e-06
ENSDARG00000045199 28.8850073873589 0.52193835051673 0.0915266964313982 5.70258045867456 1.18007178886312e-08 3.92303627428602e-06
ENSDARG00000055868 401.567068298184 -0.259087825946819 0.0454543210963689 -5.69996030514943 1.19835328361997e-08 3.93694299353974e-06
ENSDARG00000025983 23.6781746666029 0.765097035896833 0.134399327615717 5.69271475884497 1.25035176524334e-08 4.06000849353724e-06
ENSDARG00000043928 51.5271659236157 0.354957241472251 0.0631299894605832 5.62264059451297 1.88060399236248e-08 6.03630649272671e-06
ENSDARG00000044688 72.2178476903621 0.498640236611111 0.0890377235675996 5.60032553204857 2.13949643627421e-08 6.78925431624516e-06
ENSDARG00000042187 535.143973072967 -0.198055348579045 0.0354539333487644 -5.5862729427156 2.31994523229503e-08 7.27915400133019e-06
ENSDARG00000097289 4.29526904961894 1.1755147513999 0.21051469957985 5.58400317766893 2.35044407136006e-08 7.29290563252553e-06
ENSDARG00000004726 102.566375134904 -0.261686829958401 0.0469029999303207 -5.579319667125 2.41461131004863e-08 7.40967261902285e-06
ENSDARG00000029581 81.2182090090831 0.46807347653895 0.0840402311381616 5.56963575896692 2.55272422451795e-08 7.74835043148519e-06
ENSDARG00000074560 29.1042962056389 0.875488613128437 0.15729419934466 5.56593070040737 2.60756865103939e-08 7.82971554626613e-06
ENSDARG00000090552 51.8279743687952 0.694434798774795 0.12494619231758 5.55787083939084 2.730853391177e-08 8.11266818602317e-06
ENSDARG00000039020 200.751914338598 -0.288978869575417 0.0521052733722311 -5.54605802585472 2.92181895074818e-08 8.58860991575188e-06
ENSDARG00000062865 14.8749907912928 0.652799855072698 0.118516337558891 5.50810013639109 3.62727066294179e-08 1.0551201381526e-05
ENSDARG00000024540 38.651969214729 0.708558643991921 0.128773024075804 5.50238412957374 3.74689475630092e-08 1.07868078422374e-05
ENSDARG00000069090 36.3099714309072 0.518329770077222 0.0943641415364291 5.49286796486272 3.95458452720544e-08 1.12685482573686e-05
ENSDARG00000001889 220.792441451843 1.0098878937132 0.183963369893914 5.48961401552698 4.02813029369626e-08 1.13370668481732e-05
ENSDARG00000074548 90.5987268497945 -0.391395153529243 0.0713153783909967 -5.48822936034025 4.05982698233596e-08 1.13370668481732e-05
ENSDARG00000104491 62.2643876264531 0.422070231408086 0.0770948816036015 5.47468551256416 4.38289276926256e-08 1.21180475823423e-05
ENSDARG00000007377 1769.86971410745 0.801342944740868 0.146540696997611 5.46839861662409 4.54119692567156e-08 1.24326396224881e-05
ENSDARG00000090062 15.4921886858468 0.740385771452395 0.135463028599844 5.46559293044811 4.61362004727417e-08 1.25082854194302e-05
ENSDARG00000100555 15.4011203700546 0.662591727217184 0.121576697560761 5.44998951699635 5.03727891915264e-08 1.35255782516671e-05
ENSDARG00000061370 39.2890562141445 0.482760184266066 0.0886989927671602 5.44267943981436 5.2485046583821e-08 1.39585231033638e-05
ENSDARG00000101135 341.739571351947 0.603823929936571 0.111046381630427 5.43758311681109 5.40081580923338e-08 1.42280925917775e-05
ENSDARG00000055436 11.3018620535512 0.711933830952852 0.131411726372168 5.41758220979914 6.04103751408294e-08 1.5765978745866e-05
ENSDARG00000053570 19.8653455541443 0.589528146177688 0.109851432547883 5.36659497745484 8.0236957374313e-08 2.07464540247934e-05
ENSDARG00000098540 41.4333973114762 0.50654157696102 0.094522662882273 5.35894315199215 8.37101878961369e-08 2.14264699566116e-05
ENSDARG00000002230 14.1349823510448 0.773814257693022 0.144436861047141 5.3574568990423 8.44014931146741e-08 2.14264699566116e-05
ENSDARG00000042029 374.716093974609 -0.233262709671118 0.0439948052868517 -5.30205118877593 1.14508720783512e-07 2.88077119628791e-05
ENSDARG00000004232 35.1734666780691 -0.506544858270191 0.095622919224061 -5.29731640050927 1.17516967292897e-07 2.93005474254834e-05
ENSDARG00000093760 61.5186849003109 0.532022917530641 0.100491308987834 5.29421820542758 1.19526644405422e-07 2.95378897789504e-05
ENSDARG00000104251 81.9641286947022 -0.403023742139968 0.0762056616314177 -5.28863254398687 1.23234174501515e-07 3.01869677452176e-05
ENSDARG00000040487 18.5210272531514 0.751844773224009 0.142781158091079 5.26571421100543 1.39645381278613e-07 3.39095414974371e-05
ENSDARG00000102874 110.380650082147 0.28513373720411 0.0543388276704911 5.24732956944068 1.54319695684281e-07 3.68384850917215e-05
ENSDARG00000006314 197.520930417162 0.254730618833267 0.0485501737240643 5.24674989385276 1.54805825267221e-07 3.68384850917215e-05
ENSDARG00000099519 89.0839435174962 0.41476104293889 0.0790664131103986 5.24572984434957 1.55664860906827e-07 3.68384850917215e-05
ENSDARG00000054858 36.1096451173314 0.476867699587146 0.0911793545897502 5.22999643650419 1.69513307198589e-07 3.97786479287445e-05
ENSDARG00000092659 322.776931689761 0.188073878231243 0.0360370496064286 5.21890333102333 1.7998566837804e-07 4.18841649121397e-05
ENSDARG00000102123 121.529016757511 0.673167264687729 0.129038253865162 5.21680388972987 1.8203681123849e-07 4.20113880482218e-05
ENSDARG00000041237 39.2565377777812 0.569844320858888 0.109595522746327 5.19952190180127 1.9980178433117e-07 4.57333182577698e-05
ENSDARG00000074341 3.41756464864331 1.38886571155378 0.267229552087008 5.19727590270996 2.02230104071651e-07 4.5912810213015e-05
ENSDARG00000025147 105.432816451458 0.358609417596458 0.0690743393041764 5.19164455583545 2.08444656111043e-07 4.69420727572651e-05
ENSDARG00000079062 39.678105982242 0.551355858388569 0.10632727683611 5.18546016407826 2.15482144731296e-07 4.78849045093214e-05
ENSDARG00000026225 708.309696328217 -0.212617615364907 0.041006603760192 -5.18496036902499 2.16060804589955e-07 4.78849045093214e-05
ENSDARG00000003061 111.622656243691 0.355221451703761 0.0686243800622318 5.17631563857669 2.26310464615267e-07 4.97615726329239e-05
ENSDARG00000039914 12.9080117440953 0.943150560939738 0.182384030432199 5.1712343383614 2.32552712077773e-07 5.07346444122799e-05
ENSDARG00000055022 852.589906424576 -0.158504918751825 0.0307763868470619 -5.15021206158761 2.6019210011993e-07 5.63245302003802e-05
ENSDARG00000077143 65.162786890031 -0.31643793880037 0.0615041258230041 -5.1449871787628 2.67539082402471e-07 5.7351989866228e-05
ENSDARG00000005842 13.0586351196919 0.70587542409571 0.137224857695285 5.14393263692168 2.69046040196092e-07 5.7351989866228e-05
ENSDARG00000010571 463.216088054784 -0.202616273986427 0.0394131659444978 -5.14082716094804 2.73531589273671e-07 5.74927746958202e-05
ENSDARG00000090337 843.825064340617 -0.235845002063786 0.0458786511131207 -5.14062633363555 2.73824137315813e-07 5.74927746958202e-05
ENSDARG00000061409 6.43640147034263 0.892684614580074 0.17373989368884 5.13805203644727 2.77601020644258e-07 5.78508097126188e-05
ENSDARG00000020448 100.158647532885 0.513312593671818 0.0999536127079659 5.13550815988574 2.81382670124559e-07 5.82045263942838e-05
ENSDARG00000039650 93.6499723581598 0.319499907973998 0.0622399771231729 5.13335516402436 2.84622076690335e-07 5.8441702143953e-05
ENSDARG00000003035 744.377252294499 0.203258416993065 0.0397371012585369 5.11507912141423 3.13609471768058e-07 6.39236824753505e-05
ENSDARG00000031382 63.5138617359174 0.330196367575371 0.0646217547946573 5.10967813586316 3.22708099305396e-07 6.53016208195882e-05
ENSDARG00000074765 17.6811568995551 0.627766415958194 0.123109371960678 5.0992577247385 3.40988009041061e-07 6.85042457012347e-05
ENSDARG00000045465 61.345700664427 0.472749641506323 0.0928687844131822 5.09051178491811 3.57098376199999e-07 7.1228372538464e-05
ENSDARG00000013302 44.803668135858 0.499238212797817 0.0984080941937768 5.07314176631406 3.91300756199632e-07 7.74969760062037e-05
ENSDARG00000019541 90.7537416098296 0.380796067484871 0.0753819616123131 5.05155423579042 4.38229462703683e-07 8.61718204007165e-05
ENSDARG00000041361 200.203440787524 -0.248390118273231 0.0491842195848384 -5.05019944140377 4.4134902392958e-07 8.61718204007165e-05
ENSDARG00000058094 10.8541359828119 -0.966999310900194 0.191526704027003 -5.04890070454018 4.44359611018914e-07 8.61718204007165e-05
ENSDARG00000016775 370.641512839796 -0.20235632975586 0.0401433326084624 -5.04084530623154 4.63480013470921e-07 8.92598577667273e-05
ENSDARG00000100531 18.8445160532995 0.672374937048719 0.133686581860127 5.02948708608774 4.91793620963732e-07 9.40639511329603e-05
ENSDARG00000086985 53.071723228457 0.40887039783071 0.0814603802929452 5.01925471450468 5.18723323939129e-07 9.85397878979604e-05
ENSDARG00000100019 402.445747401966 -0.206217853166469 0.0411118019542724 -5.01602565112177 5.27512889864317e-07 9.95324151990611e-05
ENSDARG00000055086 196.761000925027 -0.204281998150931 0.0409704620938134 -4.98607991491944 6.16166665783326e-07 0.000115479557999996
ENSDARG00000004114 72.1024309247957 0.351934616955718 0.0706368881418031 4.9823063588137 6.28308544884115e-07 0.000116970107439259
ENSDARG00000063371 78.669564252764 0.349567925882605 0.0703189443461243 4.97117710075339 6.65476250057267e-07 0.000123069034985756
ENSDARG00000029856 219.391697316961 0.20889939058588 0.042155357020007 4.95546486504043 7.21575613724216e-07 0.0001325657829819
ENSDARG00000010791 164.428649127586 -0.237766115150998 0.0481547692749463 -4.93754032530899 7.91140511151096e-07 0.00014439607041761
ENSDARG00000056122 44.7001456757508 0.891757285850451 0.180747927286985 4.93370684375569 8.06835113238317e-07 0.00014615973573972
ENSDARG00000052455 58.5813655417121 0.432942101844879 0.0877709365671072 4.93263623219815 8.11271586021722e-07 0.00014615973573972
ENSDARG00000025948 51.5927099582448 0.411180037744629 0.0835046303704946 4.9240387739015 8.47760273108677e-07 0.000151150034042792
ENSDARG00000042747 88.4133706420829 0.281240848728057 0.0571213303017827 4.92356965851826 8.49796073221786e-07 0.000151150034042792
ENSDARG00000044575 212.616949513801 0.238766198824301 0.0486811978347463 4.90469030024322 9.35748623726445e-07 0.000165384685554183
ENSDARG00000098845 186.541150577397 -0.314691437585264 0.0642812563242442 -4.8955396266357 9.80363335088672e-07 0.00017218016435441
ENSDARG00000040100 32.2235090871329 0.750977243596873 0.153545844817823 4.89089916101529 1.00376381388775e-06 0.000173450507443771
ENSDARG00000103618 53.3789720271008 0.824282590598773 0.16854454396507 4.89059195395612 1.0053317966721e-06 0.000173450507443771
ENSDARG00000076223 84.4008137305568 0.529349230734894 0.108253155328809 4.8899196437004 1.00877149369563e-06 0.000173450507443771
ENSDARG00000098000 4.95394735827906 1.24564073616523 0.254773691722022 4.88920472025942 1.01244163700392e-06 0.000173450507443771
ENSDARG00000029370 150.149496728751 0.330048664259022 0.0676175534922398 4.88110922701308 1.05490789496571e-06 0.000179623798578764
ENSDARG00000060069 75.2953256642457 0.534445866736966 0.109681911127057 4.87268922692143 1.10089326545484e-06 0.000185904398247562
ENSDARG00000087205 16.6418729551034 0.634926204408303 0.130323220315908 4.87193458594115 1.10510761357548e-06 0.000185904398247562
ENSDARG00000003399 125.078784592206 -0.306915947721411 0.0631804764327654 -4.85776564296759 1.18717805657724e-06 0.000198514654071373
ENSDARG00000102808 382.905638563275 0.261884616006283 0.053924476550227 4.85650733692993 1.19474356578989e-06 0.00019859055996835
ENSDARG00000079631 171.440366224303 -0.227501550177003 0.0469681187349118 -4.84374414613074 1.27414985173385e-06 0.00021053629946549
ENSDARG00000037059 59.332404518034 0.404832190196265 0.083599606346602 4.84251311564602 1.28207170175181e-06 0.000210599131008349
ENSDARG00000030092 64.6934267587177 0.438666188658542 0.0906508587709061 4.83907372314193 1.30445655768935e-06 0.000213023095751316
ENSDARG00000019856 27.6284940149214 0.486158838383349 0.100625408462071 4.83137257094063 1.35594992559487e-06 0.000220144777164167
ENSDARG00000043482 24.7109219024557 -0.499274914386729 0.103367943192495 -4.83007496295989 1.36481657757561e-06 0.000220303485137566
ENSDARG00000079382 57.1185087261151 0.334648086902027 0.06938487400228 4.82306974991452 1.41365508214991e-06 0.00022687539177607
ENSDARG00000057648 357.446079805471 -0.215320232847496 0.0448800336955903 -4.79768429560364 1.6051050252864e-06 0.000255677224213049
ENSDARG00000056873 6.16952288610746 1.11503453013884 0.232449166681055 4.79689622492294 1.61143031196049e-06 0.000255677224213049
ENSDARG00000086450 105.709692407785 -0.394184756381803 0.0822076998188083 -4.79498583770881 1.62686323850726e-06 0.000256667547657148
ENSDARG00000015749 28.4320917610451 0.46851485587177 0.0977375918731572 4.79359933974845 1.63815283196151e-06 0.000256996729396208
ENSDARG00000078778 31.5743513331549 0.589509931359466 0.123471373743806 4.77446644906255 1.80184318088744e-06 0.000281097602381462
ENSDARG00000041607 463.036419951334 0.325302201544633 0.068234140294668 4.76744046513696 1.86581104199924e-06 0.000289459851932383
ENSDARG00000060002 37.013729701749 -0.527598126288623 0.110790865667342 -4.76210852862884 1.91580596225146e-06 0.000294676171001595
ENSDARG00000017988 58.4651678993713 0.427971348435581 0.0898795343286082 4.76161065622432 1.92053941351084e-06 0.000294676171001595
ENSDARG00000104936 79.2224024199295 0.365079850111223 0.0767246957918079 4.7583095161676 1.95220995342417e-06 0.000297898704641367
ENSDARG00000071413 27.8405390695331 0.426492186746042 0.0899514975170862 4.74135727051159 2.12291190130533e-06 0.000320632715699329
ENSDARG00000097406 30.1259063124891 1.04891011345521 0.221231243627753 4.74123860741893 2.1241558604969e-06 0.000320632715699329
ENSDARG00000027065 46.3260418333697 0.654621279856165 0.138244108076359 4.73525627214857 2.18778476225085e-06 0.000328461771429328
ENSDARG00000016074 24.4774752864163 0.42917008263119 0.0906708919927453 4.73327297436898 2.20928046316777e-06 0.000329581215948545
ENSDARG00000104734 138.106193930567 0.265997286794896 0.056207736062981 4.73239638217851 2.21884578686934e-06 0.000329581215948545
ENSDARG00000056713 33.3705363229445 0.443964276392017 0.0939373415993044 4.72617458439238 2.28788964822222e-06 0.000338038721833891
ENSDARG00000037560 176.729902582963 -0.211642634710922 0.0449049014953062 -4.71312991819045 2.43940556588006e-06 0.000358528423301057
ENSDARG00000016484 1104.78683319383 -0.217711209463964 0.0462295917180124 -4.70934744117885 2.4851114013858e-06 0.00036333369572617
ENSDARG00000036956 513.034534471809 -0.189489356370702 0.0403791138747346 -4.6927566800634 2.69548014761628e-06 0.000392037932928044
ENSDARG00000010144 48.5774359765167 0.440930371959225 0.0941131392459596 4.68510959778822 2.79810165366524e-06 0.000404854863619698
ENSDARG00000099705 15.852879031505 0.632783310940009 0.135150431265503 4.68206653145565 2.83997269175493e-06 0.000408795038233281
ENSDARG00000100114 510.5787822892 -0.244046025718696 0.0521949890116852 -4.67566006506986 2.93009627751478e-06 0.000419604813074873
ENSDARG00000026842 1015.23246790195 -0.212058885761007 0.0453728259503987 -4.6736979969647 2.95824240002702e-06 0.000421474076636503
ENSDARG00000077547 8.71714461689626 0.770360789825088 0.165174235854725 4.66392828057422 3.10229540047946e-06 0.000439754309941061
ENSDARG00000043004 94.5080177659149 -0.249296130250469 0.0535117029266138 -4.65872167425423 3.18179051847526e-06 0.000448744950648594
ENSDARG00000076807 219.529225499431 0.229068189670361 0.0492487781365494 4.65124614940165 3.29935230677684e-06 0.000462038579264475
ENSDARG00000091512 126.693199383672 -0.214990539739098 0.0462282080060019 -4.65063538070058 3.30913933224333e-06 0.000462038579264475
ENSDARG00000017315 79.5795426891439 0.262650142407562 0.0566053275913462 4.64002512808911 3.48366815628776e-06 0.000483987230170824
ENSDARG00000086100 11.5489156425242 0.641777162417802 0.138636555739422 4.62920590456726 3.67070639930018e-06 0.000507447901982463
ENSDARG00000045414 8.45995823261753 0.934975895090617 0.202053836660786 4.62736026468176 3.70355949529123e-06 0.000509467482295604
ENSDARG00000018399 38.982974672047 0.413398449952834 0.0894177513993446 4.62322574078802 3.77818170881968e-06 0.000517184922641125
ENSDARG00000099449 478.435904930373 -0.223750586102084 0.0484356548557854 -4.61954291251536 3.84586336406088e-06 0.000523881631421463
ENSDARG00000035924 135.268762793415 -0.260122031120174 0.0563224511120732 -4.61844301844341 3.86630116349405e-06 0.000524109029080444
ENSDARG00000079684 60.8836880160759 0.48506363702952 0.10520134034092 4.61081232860342 4.01098521542648e-06 0.000541095469279152
ENSDARG00000020469 173.356528761009 -0.219139108045604 0.0475844309430617 -4.60526907020955 4.11932885819216e-06 0.000553039703677961
ENSDARG00000027187 143.360629715157 -0.191796529760672 0.0416796824853811 -4.60167924330862 4.19098270744076e-06 0.000559967426341067
ENSDARG00000025859 65.8390957529031 0.550418816770778 0.119907675260953 4.59035516761468 4.42492411732692e-06 0.000588409552268353
ENSDARG00000030368 155.074443923474 -0.16875504599411 0.0368161191970747 -4.58372717370816 4.56760131476998e-06 0.000604503633720151
ENSDARG00000090160 62.9827870009122 -0.473743919107326 0.10368763030017 -4.56895309243602 4.90166459780708e-06 0.000645655584404542
ENSDARG00000033604 70.9811392871901 0.394615700257868 0.0866568131754189 4.55377581747727 5.26915076861994e-06 0.000688737818504369
ENSDARG00000057497 210.449482148709 -0.17624256300916 0.0387055320670918 -4.5534204956455 5.2780624229162e-06 0.000688737818504369
ENSDARG00000011247 120.999477502247 -0.255252876833383 0.0561199870557619 -4.54834169116537 5.40702946983273e-06 0.000702285106721297
ENSDARG00000089354 30.7581402154122 0.538242704552589 0.118478933808092 4.54294014347237 5.54750073604984e-06 0.000715669092341029
ENSDARG00000039997 100.593086087621 0.414685138515327 0.0912934321298739 4.54233266118637 5.56351555539003e-06 0.000715669092341029
ENSDARG00000055389 1120.38659103697 -0.275170474487104 0.0605993204960034 -4.54081782163302 5.60364369295301e-06 0.000715669092341029
ENSDARG00000052728 727.578343146731 -0.226262204459404 0.0498322040911947 -4.54048157382997 5.61258840546769e-06 0.000715669092341029
ENSDARG00000075014 48.8328004331369 0.614423832025285 0.135438790029368 4.53654253624132 5.71839601760845e-06 0.000725846403598709
ENSDARG00000100452 379.138126198284 -0.240165893601326 0.0529643706396619 -4.53448026854263 5.77454996809883e-06 0.000729657501625157
ENSDARG00000020761 55.9093237087321 0.333360870143768 0.0735749280464093 4.53090310782896 5.8732072499919e-06 0.000738780686738846
ENSDARG00000017676 25.445934027486 0.623321493137002 0.137617665341786 4.52937122272005 5.91594782999838e-06 0.000740819924451591
ENSDARG00000022280 518.3102048023 -0.189144187325784 0.0417974439827867 -4.52525727180059 6.0322079004662e-06 0.0007520062750916
ENSDARG00000059354 24.8916126278043 0.550440220759288 0.121675748973168 4.52382849832034 6.07309411986532e-06 0.00075373845909884
ENSDARG00000087508 27.9869076537843 0.519412447216691 0.115280522551576 4.50563925041465 6.61734267900128e-06 0.000809533892427876
ENSDARG00000059856 5.78561277190268 0.885100183398091 0.196460877627586 4.50522360526098 6.63030879885025e-06 0.000809533892427876
ENSDARG00000006219 540.107730110521 -0.192833267395083 0.0428044612924064 -4.50498059250875 6.63790087759582e-06 0.000809533892427876
ENSDARG00000006624 301.918064918743 -0.142589143930417 0.0316516046628661 -4.50495781964899 6.63861276153926e-06 0.000809533892427876
ENSDARG00000006124 606.58006341275 -0.183485707599343 0.0407755136538535 -4.49989935521026 6.79856433866437e-06 0.000822019763228967
ENSDARG00000057879 40.6723082874737 0.448752047112466 0.0997258170564473 4.49985831510872 6.79987700289674e-06 0.000822019763228967
ENSDARG00000079244 19.1247100967926 0.655286771963455 0.145693329421406 4.49771293281446 6.86883548480505e-06 0.000826776857384401
ENSDARG00000086057 26.1177448365132 0.52752623065337 0.117386914155404 4.49391002778214 6.99271824128172e-06 0.000838075780634301
ENSDARG00000056244 4.21178910117677 1.19522736586417 0.266125810729732 4.4912117414947 7.08191014204416e-06 0.000845138208190527
ENSDARG00000019236 45.234750079139 0.418341891857738 0.0932211464531315 4.48762869557785 7.20203068411794e-06 0.00085581577384678
ENSDARG00000025824 35.930758089056 -0.396115993424806 0.0884906386420277 -4.47636043205903 7.59262629898191e-06 0.000898407158470635
ENSDARG00000036147 41.2270649823427 0.413275144785855 0.092474189189734 4.46908643814024 7.85543835252599e-06 0.00092339104811764
ENSDARG00000098897 491.519814332756 -0.167137967017858 0.0374019814211764 -4.46869285174359 7.86990400902411e-06 0.00092339104811764
ENSDARG00000010276 28.9357806735672 -0.408766888095131 0.0916541465957847 -4.4598842854092 8.20039152552118e-06 0.000958141980544682
ENSDARG00000042807 20.1201701062756 0.714354203200764 0.160263803429444 4.45736459459018 8.2973414356018e-06 0.000965430248288251
ENSDARG00000070000 6.51034244236863 0.994351369530413 0.223187577199834 4.45522722189912 8.38043884645835e-06 0.000971052924428836
ENSDARG00000104037 13.9840613832412 0.564267699487189 0.126685739759417 4.45407431458949 8.42559155928873e-06 0.000972250596252635
ENSDARG00000097203 4.18028223933796 1.32713989431884 0.298164452868705 4.45103325212025 8.54581064750975e-06 0.000982064865562592
ENSDARG00000013250 312.408896122082 -0.184043785853729 0.0413842223727496 -4.44719690987638 8.69980833726572e-06 0.000991989435657558
ENSDARG00000010420 8.7945584550846 1.13282701036823 0.254733148527225 4.44711266247767 8.70321975778341e-06 0.000991989435657558
ENSDARG00000058159 74.349633489822 0.263981161909571 0.0593777688741942 4.44579119280951 8.75689746077159e-06 0.000994050250374173
ENSDARG00000012820 1646.39196723908 -0.239345143460496 0.0539104255037595 -4.43968195806217 9.00919162490985e-06 0.00101854929605509
ENSDARG00000035357 12.1992956352026 0.753883061485487 0.169879539560398 4.43775079351129 9.09037770413286e-06 0.00102358386043512
ENSDARG00000058734 16.0702090416826 0.839117437712224 0.189129036707783 4.43674568600863 9.13290850437332e-06 0.00102424285134387
ENSDARG00000044183 8.0991813615069 0.795872733803457 0.179450001174251 4.43506675171679 9.20437642237617e-06 0.00102555811798176
ENSDARG00000057128 49.2387044337208 -0.349121518407679 0.0787241281059404 -4.43474607858293 9.21808729143852e-06 0.00102555811798176
ENSDARG00000004460 88.1510347845172 0.341749472558009 0.0770891492457326 4.43317218962468 9.28566471321332e-06 0.00102897693300191
ENSDARG00000039263 53.8691558715572 -0.285390316207398 0.064500407684388 -4.42462809853643 9.66085657510616e-06 0.00106632181762782
ENSDARG00000015905 59.1961354264011 0.337044470964658 0.0763609385528852 4.4138335299694 1.01556061715546e-05 0.00111651693834906
ENSDARG00000088959 22.2318567452399 0.43250997273792 0.0980811212039013 4.40971684896192 1.03505866298849e-05 0.0011334907123119
ENSDARG00000036510 507.17692688249 -0.244380164889132 0.0554413844142836 -4.40790156073685 1.0437696194636e-05 0.0011385651024813
ENSDARG00000008155 67.0950213766844 0.304233730408045 0.0690701868442536 4.4047040309021 1.05928401563804e-05 0.00115099245668064
ENSDARG00000010318 16.7928474304712 0.625721346383266 0.142193575294429 4.40048957969891 1.08006914473745e-05 0.00116469941845178
ENSDARG00000006598 2.04356441003449 1.44458234506318 0.328280209826703 4.40045516549953 1.0802404633089e-05 0.00116469941845178
ENSDARG00000044318 5.86404933683825 0.969460870820629 0.220428818695372 4.39806771436907 1.09218906414906e-05 0.00117305306216779
ENSDARG00000025593 46.3415718396554 0.417963309554353 0.0950949232523362 4.39522211343796 1.10659544634276e-05 0.00118387782359458
ENSDARG00000002790 193.572248665942 0.241562329327915 0.0549703827037994 4.3944087242314 1.11074660620154e-05 0.00118387782359458
ENSDARG00000103979 134.410027953978 0.348178049884688 0.0793713016397973 4.38669950840404 1.15083605275171e-05 0.00122194284308333
ENSDARG00000000567 331.580550871879 -0.211990844812387 0.0484350489059587 -4.37680666378572 1.20430708227327e-05 0.00127044945581292
ENSDARG00000071353 56.8231726014338 0.343760301654504 0.0785456100700704 4.37656924871849 1.20561900014476e-05 0.00127044945581292
ENSDARG00000069425 10.0867303097283 0.609946472153298 0.139486052135037 4.3728133588784 1.22655579234175e-05 0.00128765302635877
ENSDARG00000025468 33.1883837054704 -0.41766385761392 0.0958413824250166 -4.35786553830949 1.31337027537759e-05 0.0013736279003715
ENSDARG00000098443 131.528909737633 -0.228861940938797 0.0525668901331249 -4.35372799036062 1.33841761291285e-05 0.00139460118808176
ENSDARG00000105479 165.623957410015 -0.216769263212023 0.0498251989480039 -4.35059503602258 1.3576859458665e-05 0.00140941933227963
ENSDARG00000088672 21.2568023766293 0.528954926146389 0.121734144095465 4.34516486789097 1.39171096694317e-05 0.00143938995377363
ENSDARG00000046133 36.966511491618 0.397570915188962 0.0915423402950719 4.34302765154852 1.4053243800485e-05 0.00144810639530828
ENSDARG00000009653 71.4439784802099 0.329940880431671 0.0761790637211529 4.33112280874693 1.48350906486966e-05 0.00152305112634137
ENSDARG00000098946 192.29803763366 0.254022817314019 0.0587024337830532 4.32729617740914 1.50950921701275e-05 0.00154406757820809
ENSDARG00000045530 19.8973406742698 0.676804062557528 0.156557015964622 4.32305162683012 1.53885704988915e-05 0.00156834244956768
ENSDARG00000019613 56.9366204072104 0.413362242720498 0.0957977723078179 4.31494629533013 1.59641708421201e-05 0.00162108898460438
ENSDARG00000022232 351.333155823169 -0.194456082217272 0.0450956773484298 -4.31207808932141 1.61727290702644e-05 0.00163631688147512
ENSDARG00000070568 503.746386457873 -0.228704263662623 0.0530487050266393 -4.31121294191396 1.62361453657119e-05 0.00163680274129064
ENSDARG00000078887 27.3573184156679 0.455041907941646 0.105598906253608 4.3091536085498 1.63880517896198e-05 0.00164617390728465
ENSDARG00000038780 188.533814903604 -0.237166549661304 0.0550653393550904 -4.30700241638264 1.65481803019944e-05 0.00165630084205446
ENSDARG00000012073 350.325396962199 -0.204808881291775 0.0475626379734861 -4.30608750940069 1.66167343311132e-05 0.00165722252212978
ENSDARG00000008200 55.4121725925887 0.340935550412865 0.0792382437558157 4.30266414616039 1.68756560059659e-05 0.00167697728586172
ENSDARG00000055357 330.853844454279 -0.224822811181767 0.0522730552910842 -4.30093113803726 1.70081912519105e-05 0.00167697728586172
ENSDARG00000074540 44.5979548407805 0.627045091157331 0.145809991405977 4.30042608953633 1.70470021198467e-05 0.00167697728586172
ENSDARG00000003281 69.0718104462417 0.300460864977677 0.0698693903623654 4.30032183506096 1.70550241426939e-05 0.00167697728586172
ENSDARG00000042214 4.05253317121129 1.01345787622195 0.235835261018541 4.2973127591055 1.72881185989796e-05 0.0016939323223737
ENSDARG00000079626 232.00676054192 -0.177443262977801 0.0415602747726385 -4.26954017865691 1.95876363532162e-05 0.00191253407399847
ENSDARG00000044540 42.3451268601573 0.449711574493614 0.105452107661819 4.26460489472453 2.00256249424655e-05 0.00194848632933223
ENSDARG00000060366 23.2121415117687 0.435779290564889 0.102383179197417 4.25635630755921 2.07785474311243e-05 0.00201472547574356
ENSDARG00000086553 106.286719246856 0.206356733892145 0.0485106774749311 4.25384151764906 2.10134050844615e-05 0.00203044753281519
ENSDARG00000103313 7.86958915969525 0.747933129197922 0.176053069411259 4.24833904741957 2.15361290692391e-05 0.00207378070433966
ENSDARG00000099194 548.581143715742 -0.258702748829554 0.0609919703249881 -4.24158700647132 2.21944817700933e-05 0.00212925916951013
ENSDARG00000091937 126.302635659683 0.561497233810775 0.132401193297874 4.24087744094217 2.22647691135885e-05 0.00212925916951013
ENSDARG00000041217 212.948611135804 0.441532537587026 0.104403989240154 4.22907726802849 2.34651750339513e-05 0.00222993432474727
ENSDARG00000021113 259.764309565101 0.348258965400068 0.0823509321346995 4.22896203324607 2.34771957556203e-05 0.00222993432474727
ENSDARG00000005908 96.7243439093066 -0.230396526798636 0.054502483487189 -4.2272665768119 2.36547361089573e-05 0.00223918137573774
ENSDARG00000076373 7.93269051655952 0.774880947107965 0.183620583877575 4.22001134483158 2.44290024799918e-05 0.00230466180491138
ENSDARG00000060113 426.179360064751 0.469262824637721 0.111312424997975 4.21572726177028 2.48974517699004e-05 0.00234094727499821
ENSDARG00000017772 237.687377927377 0.654821013080468 0.155403010272506 4.21369580893066 2.51225589503551e-05 0.00235418610298211
ENSDARG00000043342 4.40310880437253 1.36263341271651 0.323933522910947 4.20652175937688 2.59331124687709e-05 0.00242201393207501
ENSDARG00000090844 4.79461154351495 1.05898430496092 0.251845745278712 4.20489257735512 2.61206188202873e-05 0.00243139426852174
ENSDARG00000103052 40.8684277745499 0.403685569370084 0.0962251993997718 4.19521676118284 2.726107554701e-05 0.00251051824936227
ENSDARG00000039563 149.810645085321 0.58423179646049 0.139263518924069 4.1951531957126 2.72687220302084e-05 0.00251051824936227
ENSDARG00000041944 32.0066662491745 0.325990820225381 0.0777240922690012 4.19420556366402 2.73829576654108e-05 0.00251051824936227
ENSDARG00000007108 28.3890327987138 -0.411310797264599 0.0980863547564713 -4.19335388990447 2.74860137933692e-05 0.00251051824936227
ENSDARG00000098622 195.460429273987 -0.29430807813484 0.0702012739838078 -4.19234668309187 2.7608366035012e-05 0.00251051824936227
ENSDARG00000078399 170.193752884473 0.294740091111013 0.0703109040111694 4.19195422468457 2.76561806756273e-05 0.00251051824936227
ENSDARG00000016233 38.8728834234399 0.365879849217202 0.087284088267099 4.191827588295 2.76716260436997e-05 0.00251051824936227
ENSDARG00000079369 150.362494737354 0.289104542792094 0.0689710746886533 4.19167809255052 2.76898700377289e-05 0.00251051824936227
ENSDARG00000098261 9.02503961173796 0.730698956977505 0.174473029999153 4.18803385819031 2.81381545532529e-05 0.00253391295078875
ENSDARG00000105557 11.6421402540465 0.737507423451113 0.1761003768263 4.18799457867468 2.81430237818849e-05 0.00253391295078875
ENSDARG00000040387 66.5671586360841 0.306471593505933 0.0731894573684761 4.18737348964053 2.82201227464745e-05 0.00253391295078875
ENSDARG00000001873 108.698923312087 0.361786408490381 0.0864195055071641 4.18639757734311 2.83416735206826e-05 0.00253667061879827
ENSDARG00000091042 86.7335036282395 0.677931882952947 0.162243018487057 4.17849648801393 2.93442527162318e-05 0.00261801360096094
ENSDARG00000069453 14.3591081641588 0.680362723264245 0.162869585685015 4.17734668141199 2.94929331828387e-05 0.00262289859595787
ENSDARG00000001621 15.3390786785381 0.573176657654885 0.137437006251259 4.17046815329356 3.03974534460262e-05 0.00269475837295328
ENSDARG00000102294 340.356650256438 -0.255449116757985 0.0612921922685675 -4.16772687194265 3.07652252901193e-05 0.00271873074755247
ENSDARG00000015546 157.915633697949 0.272412039776253 0.0653810809778167 4.16652700906981 3.0927526510776e-05 0.00272445166502656
ENSDARG00000056640 237.200046504565 0.335135504338639 0.0804528481544949 4.16561392202141 3.10515814036218e-05 0.00272677802105704
ENSDARG00000094408 4.05776726548761 0.995169037523437 0.239020010337563 4.16353859293194 3.13353032019196e-05 0.00274306690255049
ENSDARG00000099497 28.3389461457439 0.904648133209456 0.217368083388632 4.16182596408156 3.15712930657698e-05 0.00275018844046593
ENSDARG00000096675 17.2567161021165 0.71945440297271 0.172882599785683 4.16152003651377 3.16136254033864e-05 0.00275018844046593
ENSDARG00000091879 16.2078892422985 0.552594199345354 0.132818836426826 4.1605107694931 3.17536642207401e-05 0.00275379215330487
ENSDARG00000040623 32.9182150484377 0.428945726394569 0.103223689815641 4.15549693254207 3.24581299853914e-05 0.00280617114502184
ENSDARG00000079306 203.766411343939 -0.211004310235282 0.0507962704652915 -4.15393311954779 3.26808731667269e-05 0.00281043341695531
ENSDARG00000063161 202.383673415437 -0.154330731781211 0.0371585309624944 -4.15330552052726 3.27706735214432e-05 0.00281043341695531
ENSDARG00000105204 2.91612259192106 1.20386387540461 0.28987564050187 4.15303567184991 3.2809356989344e-05 0.00281043341695531
ENSDARG00000061468 261.410768508779 -0.233634055251477 0.0562761742444089 -4.15156251092688 3.3021304188232e-05 0.00281993859160972
ENSDARG00000017569 11.2059935939435 0.533510114260072 0.128610867414056 4.14825064932084 3.35025483514161e-05 0.00285231299607712
ENSDARG00000104458 5.84446022526787 0.882675312625919 0.212958297226313 4.1448270582662 3.40070266872845e-05 0.00288646267550887
ENSDARG00000042982 5.10285434446601 -0.895905016952924 0.216225573232557 -4.14338139360302 3.42222099148341e-05 0.00289592488445983
ENSDARG00000001710 49.4324314358759 0.410101781018917 0.0990265292741488 4.14133246943933 3.45294029764134e-05 0.00291309238101615
ENSDARG00000100422 252.706237032798 0.620454504172772 0.149922936761349 4.13848953052745 3.49599822464021e-05 0.00294053465129752
ENSDARG00000060868 159.776727496456 -0.202090100934217 0.0488652170979239 -4.13566362611745 3.53930316071348e-05 0.00296352217191078
ENSDARG00000093997 48.8334013877077 0.505508723515969 0.122241645714187 4.13532328170629 3.54455292898192e-05 0.00296352217191078
ENSDARG00000025071 235.155062506363 -0.194022006433205 0.0469448314715291 -4.13297908100649 3.58091329342324e-05 0.00297663607479834
ENSDARG00000091650 5.60744012343662 1.0569139409085 0.255729457320474 4.13293780068521 3.58155674532584e-05 0.00297663607479834
ENSDARG00000101271 25.3021083967279 0.485880089479994 0.117599710311823 4.13164359156712 3.60178583850426e-05 0.00298456586172794
ENSDARG00000009194 51.7359212427154 0.776944572773868 0.188236654153292 4.12748822097718 3.66747211291444e-05 0.00302146973247156
ENSDARG00000011973 76.4891766707931 -0.23990615817217 0.0581244401482672 -4.12745753008896 3.66796146573987e-05 0.00302146973247156
ENSDARG00000096689 340.224694629395 -0.206874623057723 0.0501412361064868 -4.12583811492752 3.69387045051217e-05 0.00303386271560448
ENSDARG00000103340 8.0380925504435 0.814922911312136 0.197642212319367 4.12322297827406 3.73607714787489e-05 0.00305952945320839
ENSDARG00000019280 129.938730860479 -0.209732740959923 0.0508941415002099 -4.12096038517632 3.77296304001342e-05 0.00308070154656067
ENSDARG00000094920 6.08361377958273 1.09364407508443 0.265498558642683 4.11920908601351 3.80175064554011e-05 0.0030951570488836
ENSDARG00000100751 8.80929834386327 0.718404884892432 0.17444410899715 4.1182524822559 3.81756308701473e-05 0.00309899561642112
ENSDARG00000103222 200.456535921084 0.358255011679378 0.087009419915795 4.11742788339568 3.83124360037507e-05 0.00310108630552098
ENSDARG00000098544 77.378294188594 0.562465384617125 0.136640170255668 4.11639844684541 3.84838779183706e-05 0.00310596037823843
ENSDARG00000031770 301.431946011445 -0.152372559640456 0.0370566154388785 -4.11188549833378 3.92440929632e-05 0.00315818817290305
ENSDARG00000078959 6.60376801758641 0.846118589436102 0.205961093070854 4.10814769343365 3.98845030690258e-05 0.00320050215000731
ENSDARG00000102482 17.5999215662312 0.456685954060556 0.111292640175875 4.10346949572639 4.07000137248812e-05 0.003256584192743
ENSDARG00000024488 903.326267537205 -0.193520868768294 0.0471814411654955 -4.10163114961862 4.10247872755907e-05 0.00327319195620248
ENSDARG00000060922 138.519414998825 0.217880954630679 0.0531463416445138 4.09964162892049 4.13790384414584e-05 0.00329205028056332
ENSDARG00000007720 67.4668940113188 0.339837367322605 0.0829715104710645 4.09583199574413 4.20654917221005e-05 0.00333715584187403
ENSDARG00000007219 100.818495601323 0.372520510751599 0.0910215314563964 4.09266362355213 4.26446125774738e-05 0.00337351503180157
ENSDARG00000101512 40.2116567681313 0.394368698985344 0.0965151770996397 4.08607962847344 4.38723265646575e-05 0.0034522274942122
ENSDARG00000042623 231.802299421199 -0.155251144961405 0.0379958497921564 -4.08600270320718 4.38868669810324e-05 0.0034522274942122
ENSDARG00000044053 3.89671980269114 1.01271505244318 0.247909626320713 4.08501705832536 4.4073578584303e-05 0.00345717607294006
ENSDARG00000015757 221.594579137374 0.33962545691488 0.0831812222995612 4.08295823896149 4.44660160146851e-05 0.00347081623344477
ENSDARG00000041691 25.908383284042 0.499074272057599 0.122252923508356 4.08230950831608 4.4590357553963e-05 0.00347081623344477
ENSDARG00000061093 40.8921874210979 0.431248904536846 0.105642505220154 4.08215333059495 4.46203411927188e-05 0.00347081623344477
ENSDARG00000079616 157.269960740751 -0.27733262539474 0.0679953454391794 -4.07870014636236 4.52882038625353e-05 0.00351298081350361
ENSDARG00000074773 7.16313342576782 0.918238738050499 0.225320653641481 4.07525330328375 4.5964287027529e-05 0.00355554768765581
ENSDARG00000063019 5.96606054047365 1.26262550996743 0.309980956486756 4.07323573769726 4.63644529527508e-05 0.00357659488592698
ENSDARG00000002467 47.0663255361465 0.46512734203492 0.114269720464218 4.07043388349383 4.69256580060287e-05 0.00360489281890175
ENSDARG00000018516 13.2389392810248 0.509904062994833 0.125279942740528 4.07011730561622 4.69894713009932e-05 0.00360489281890175
ENSDARG00000052553 620.671206691737 -0.148359764796127 0.0365690033372781 -4.0569813573478 4.97110482763844e-05 0.00380323567977543
ENSDARG00000014915 68.9576878910512 0.40507087236342 0.100042071201503 4.04900525847304 5.14357892354871e-05 0.00392443829071306
ENSDARG00000097316 10.8068392503828 0.782480234380936 0.193429219764461 4.04530523017032 5.22549953033527e-05 0.00396758266449805
ENSDARG00000077256 260.185296114477 0.290731269069083 0.0718712317871677 4.045168864366 5.22854224005472e-05 0.00396758266449805
ENSDARG00000102291 93.613191974683 0.227592009644605 0.0563155618129173 4.04136977982525 5.31398870716047e-05 0.0040214941638877
ENSDARG00000059887 39.8332493428302 -0.287845498141486 0.0712378457082525 -4.04062609248922 5.33086935260764e-05 0.00402336558571807
ENSDARG00000059770 93.7126253400037 0.352966132524808 0.0873974314275794 4.03863279228392 5.37636539274363e-05 0.00404676559548156
ENSDARG00000045888 11.6538840841998 0.598329522502553 0.148187015413073 4.03766497917988 5.39858766883563e-05 0.0040525688347375
ENSDARG00000092067 52.7165165978816 0.356678313431923 0.0883719494368936 4.03610326245691 5.43463037955063e-05 0.00406868775734454
ENSDARG00000045516 153.37245448849 -0.258781524418337 0.0641559113418981 -4.03363492164026 5.49206227892437e-05 0.00410069088606853
ENSDARG00000028106 36.3405234855959 0.404903864964139 0.100464535043258 4.03031641752781 5.57018190549124e-05 0.00414792879228914
ENSDARG00000062542 87.7705853133318 0.244817704699238 0.0608724801500073 4.02181255135221 5.77520102224505e-05 0.00428916192942003
ENSDARG00000007485 93.1003099624131 -0.232901627682645 0.0579391020092938 -4.01976591983228 5.82559940072328e-05 0.00431511573647739
ENSDARG00000032426 24.9107842807534 0.469997850369234 0.117062445585015 4.01493278241745 5.94627389222331e-05 0.00439284916508825
ENSDARG00000027196 17.56981397362 0.590454525345524 0.147222609441503 4.01062396316331 6.05584947581583e-05 0.00446199463356615
ENSDARG00000007217 161.565893019768 -0.192288625677197 0.0479592055996802 -4.00942057469107 6.08679217337238e-05 0.00447299135372167
ENSDARG00000105285 55.8632013477406 0.39856610947586 0.0995118535188721 4.00521239814183 6.19617806742757e-05 0.00454142447592953
ENSDARG00000046098 9.69685821568923 0.557769455824419 0.13946125786333 3.99945808871897 6.34876891974812e-05 0.00462723680770303
ENSDARG00000029036 37.8120411145537 0.390868427076813 0.097737394352779 3.99916971047938 6.35650887574094e-05 0.00462723680770303
ENSDARG00000089742 20.8725740534638 0.574562731269233 0.143679142409427 3.9989292922696 6.36296843028815e-05 0.00462723680770303
ENSDARG00000045249 17.5199732106487 0.452485969099226 0.113237454433338 3.99590375254859 6.44479155440202e-05 0.00466394799953626
ENSDARG00000005126 238.788680563905 0.422969974920601 0.105852899153699 3.99582796789011 6.44685381493643e-05 0.00466394799953626
ENSDARG00000103320 54.6805512133455 0.570887109252445 0.143092896857498 3.98962577311559 6.61776214907158e-05 0.0047752198452926
ENSDARG00000007097 7.78823566390017 -0.795441754530207 0.199445716347867 -3.98826191454934 6.65591561627458e-05 0.00479032493838568
ENSDARG00000056647 27.2688888135334 0.432548225433077 0.108471869559668 3.98765345512131 6.6730041218694e-05 0.00479032493838568
ENSDARG00000078002 10.7799554920386 0.624328585303806 0.156672998507997 3.9849150220479 6.75042787607457e-05 0.00482606331115918
ENSDARG00000038489 29.6177758708622 -0.488195741620084 0.122518440053369 -3.98467154338093 6.75735274722736e-05 0.00482606331115918
ENSDARG00000042509 9.51139884114981 0.587897445305901 0.147718176325166 3.9798585382735 6.89562888408493e-05 0.00490335917617363
ENSDARG00000008660 25.9483168708201 0.437622393789577 0.10996411146086 3.97968380752424 6.9006988585004e-05 0.00490335917617363
ENSDARG00000098378 94.379324537214 0.347696144139141 0.087403544078693 3.97805544162026 6.94811729009529e-05 0.00492438769224458
ENSDARG00000102636 18.391190093043 0.521039102611905 0.131011931182269 3.9770355105064 6.97797478330805e-05 0.00492438769224458
ENSDARG00000041430 112.957128755738 -0.248527320508579 0.0624933923214842 -3.97685757287878 6.98319615444531e-05 0.00492438769224458
ENSDARG00000042799 84.0606165964141 -0.248844781425259 0.0626128276553689 -3.97434185203934 7.05741372026319e-05 0.00495137304736342
ENSDARG00000097504 237.21186012419 -0.440566218860748 0.11086507548655 -3.97389544838399 7.07066101065447e-05 0.00495137304736342
ENSDARG00000099999 771.502795630029 -0.165013432711968 0.0415257571522947 -3.97376096254632 7.07465656543601e-05 0.00495137304736342
ENSDARG00000027353 388.153058866632 -0.209565888896127 0.0527934044966353 -3.96954678135 7.20094685196735e-05 0.00502716102102971
ENSDARG00000104361 4.53713660992702 -0.923428935735475 0.232706678052754 -3.96820986601054 7.2414549786047e-05 0.00504283367275651
ENSDARG00000071065 112.588775996438 0.413366040791428 0.104305678777434 3.96302526992287 7.40059448183123e-05 0.00513000132276837
ENSDARG00000093999 93.4098290655629 0.23916422651344 0.0603502644776935 3.96293584764387 7.40336806831031e-05 0.00513000132276837
ENSDARG00000018882 96.2708916911756 -0.309543857162342 0.0781624811816852 -3.96026140013163 7.48677650676557e-05 0.00517495628592645
ENSDARG00000034916 145.601657347718 -0.193073706304431 0.0487611497132912 -3.95958067928418 7.50814770423649e-05 0.00517691418866183
ENSDARG00000035852 1.30270353508389 1.77780935553295 0.449138210038949 3.95826789125507 7.54952563063618e-05 0.00519262323240185
ENSDARG00000037928 287.702819171034 -0.192561454439946 0.0487386856279631 -3.9508955147011 7.78593127426594e-05 0.00534206709665544
ENSDARG00000041072 162.029896640385 -0.180634765333296 0.0457354925152019 -3.94955329874835 7.82971756279257e-05 0.00535894271914173
ENSDARG00000071336 29.7336471481469 0.344695901904151 0.0873129811396853 3.94781964153416 7.88661820876261e-05 0.00538468981612949
ENSDARG00000075225 13.3881243212075 0.498052397847368 0.126207873285728 3.94628627264642 7.93727074077362e-05 0.00539865493327946
ENSDARG00000077237 54.6789274385217 0.556049691778489 0.140929411977191 3.94559009348939 7.96036934267682e-05 0.00539865493327946
ENSDARG00000096358 4.1179072986863 1.54834526377782 0.392453214492127 3.94529897221386 7.9700473162584e-05 0.00539865493327946
ENSDARG00000079756 105.110724316177 0.444937233603569 0.112788884305781 3.94486776194455 7.98440281985467e-05 0.00539865493327946
ENSDARG00000040059 100.900708998894 0.477686179650586 0.121137328346657 3.94334418771066 8.03532041752089e-05 0.00541995948452345
ENSDARG00000105590 181.781749715531 -0.346201370277372 0.0878709223024303 -3.93988547298766 8.15205171317567e-05 0.00547037500801521
ENSDARG00000008388 44.6420780563155 0.354145741843507 0.0898968719956182 3.93946679102215 8.16629045470565e-05 0.00547037500801521
ENSDARG00000006029 62.4944025623079 0.422291079871124 0.107197015761067 3.93939212647835 8.16883215162879e-05 0.00547037500801521
ENSDARG00000061915 64.5664602471409 0.329291043137556 0.0836524829852611 3.93641684486011 8.27072607347028e-05 0.00552535946415449
ENSDARG00000008333 211.140542719575 0.27717638403777 0.0704500068039576 3.93436986896359 8.34152470957164e-05 0.00555935745858683
ENSDARG00000055540 37.4488982020211 0.370042916595498 0.0940872614127181 3.9329757401726 8.39007082187274e-05 0.00557839827859039
ENSDARG00000104960 1.6197988468788 1.47635030732519 0.375901773970027 3.92748959850055 8.58371319655724e-05 0.00569359123548364
ENSDARG00000075191 8.58727736436149 0.713534756825173 0.181786745663055 3.92511981125247 8.66865814235758e-05 0.00573630992003164
ENSDARG00000100400 99.7465461568719 0.486180240616358 0.123973251258794 3.92165435430467 8.79430845007396e-05 0.00579221049863181
ENSDARG00000079908 7.74561858493265 0.652306325960745 0.166334837372938 3.92164585761559 8.79461862639171e-05 0.00579221049863181
ENSDARG00000090301 34.8477367690581 0.555007372971103 0.141605270074392 3.91939772212948 8.87705219879212e-05 0.00583274547414753
ENSDARG00000005186 94.9549100131553 0.332230644406592 0.0847840785800174 3.91854992082081 8.9083280933583e-05 0.00583955544617442
ENSDARG00000052361 5.67811343200882 0.810301693050671 0.207132787543151 3.91199144597937 9.15381549131281e-05 0.00598642383126254
ENSDARG00000045167 509.464153878342 -0.123329832505429 0.0315329586138302 -3.91114053127057 9.18613001962247e-05 0.0059916780481491
ENSDARG00000099284 7.49657065784825 1.67245354564388 0.427703960546724 3.91030642668358 9.21791071308975e-05 0.0059916780481491
ENSDARG00000096382 7.71966439015708 0.647477806226577 0.165602912852712 3.90982136167163 9.23644017632196e-05 0.0059916780481491
ENSDARG00000099400 30.6430460937372 -0.517268452241355 0.132314568176599 -3.90938397313107 9.25317855735038e-05 0.0059916780481491
ENSDARG00000099900 61.1657612096443 -0.411943819314075 0.10538750935067 -3.90884860883618 9.27370535748308e-05 0.0059916780481491
ENSDARG00000062054 42.6643462620378 -0.6323265029849 0.161786159254127 -3.90840913648039 9.29058762703155e-05 0.0059916780481491
ENSDARG00000015921 120.483947462189 -0.29479401915531 0.0755030511545391 -3.90439875803068 9.44599243583591e-05 0.00607786494863405
ENSDARG00000043542 97.7901806711929 -0.247709024614213 0.0634798513618594 -3.9021676847064 9.53350740831298e-05 0.00612007343395724
ENSDARG00000070898 130.910532542476 -0.304521222690786 0.0781424891137222 -3.89699926563141 9.73919143461839e-05 0.00622394300999354
ENSDARG00000096777 6.98723515298893 0.761820663012808 0.195512226213673 3.89653720264135 9.75778245795948e-05 0.00622394300999354
ENSDARG00000045416 39.3084555764789 0.298671823911448 0.0766527214298541 3.89642818076286 9.7621738169281e-05 0.00622394300999354
ENSDARG00000052020 50.446807504852 0.440902763475973 0.113205859653271 3.89469913329909 9.83206911867207e-05 0.00625422619906418
ENSDARG00000100697 147.279511168886 0.318799492643739 0.0819827747615843 3.88861554845936 0.000100817669793221 0.00639848506585382
ENSDARG00000077284 21.294825323447 0.559697462401498 0.143976725704028 3.88741624498436 0.000101316929889773 0.00641559017499298
ENSDARG00000052351 101.715406216174 -0.245527936505676 0.063212672567492 -3.88415687129075 0.000102685596020082 0.0064875458571511
ENSDARG00000088505 10.2322928821991 0.562751951322692 0.14521986964624 3.87517185281581 0.000106549476515112 0.00671646530854292
ENSDARG00000100764 7.35292154752424 0.661078430393761 0.170672786688758 3.87336753104825 0.000107341763001759 0.00675116831491919
ENSDARG00000017143 144.731180873684 0.17384646488579 0.0449295866975878 3.86930923838485 0.000109144138361681 0.00684910126685383
ENSDARG00000090600 19.6461407772526 0.51052217564032 0.131972596699027 3.86839532152726 0.00010955394893321 0.00685940364116569
ENSDARG00000020228 363.367786187976 -0.145872624427918 0.0377357437329905 -3.86563533662088 0.000110800386814938 0.00692192573111219
ENSDARG00000087616 45.012120657935 0.334704691849741 0.086633892087412 3.86343824322276 0.000111802168132503 0.00696891862745568
ENSDARG00000039843 102.888646984181 -0.22472675335515 0.0582356421023403 -3.85892119056963 0.000113888653610535 0.0070773837308132
ENSDARG00000008170 75.8093927469213 -0.317440846114831 0.0822688907184596 -3.85857695834475 0.000114049155912836 0.0070773837308132
ENSDARG00000078172 136.687551008557 0.290938923292334 0.0754263934617551 3.85725619295128 0.000114666960048228 0.00709994425575778
ENSDARG00000077038 816.612020813845 -0.144899329681865 0.0375744951350751 -3.85632139995421 0.00011510612699632 0.00711136857604479
ENSDARG00000014498 513.564387980328 -0.153284821392728 0.0397692160617412 -3.8543586364578 0.000116033403250547 0.00715283175667006
ENSDARG00000077912 48.5862537341571 0.345871773825839 0.0897862878590574 3.85216698532824 0.000117077137339633 0.00717829772242594
ENSDARG00000075798 59.5170621594567 -0.249922318118187 0.0648795055560697 -3.85209961105823 0.000117109362955169 0.00717829772242594
ENSDARG00000071694 235.310739580679 -0.200513914843042 0.0520562075766574 -3.85187327654953 0.000117217681698343 0.00717829772242594
ENSDARG00000007245 7.77884410018008 0.687910683565585 0.178812822115081 3.84709930433768 0.000119524532731946 0.00730355049571026
ENSDARG00000004470 81.0204816782336 0.210869136216925 0.0548223268836872 3.8464098151892 0.000119861220109574 0.00730813225231406
ENSDARG00000029402 204.369546093249 0.258348431212049 0.0671952985655558 3.84473968755425 0.000120680477472771 0.00734205301400244
ENSDARG00000011956 15.282334952973 0.531879961993597 0.138386546539645 3.84343691849572 0.000121323194652784 0.00736510915364996
ENSDARG00000070463 363.788012518087 -0.115960903127506 0.0301916839009959 -3.84082264201505 0.000122622688187587 0.00742375386486645
ENSDARG00000099279 10.9073872880631 0.548241261331978 0.142755319784159 3.8404261372599 0.00012282092338651 0.00742375386486645
ENSDARG00000012314 295.981032634272 0.264615899414866 0.0689868480250251 3.83574415979806 0.000125184670735089 0.00755028494660339
ENSDARG00000101413 55.6836660362339 0.291582549316127 0.0760332319514956 3.8349356173908 0.000125597189377583 0.00755883946846769
ENSDARG00000074955 813.857103907331 0.354947175696076 0.0926131135250414 3.83258009785086 0.000126806292365274 0.00761519508451671
ENSDARG00000026902 11.7300819273156 0.516991521812136 0.135064532510838 3.82773709871355 0.000129326784129606 0.00774989366270222
ENSDARG00000069910 189.569532984144 -0.216472292490219 0.0565618656717878 -3.82717737329149 0.000129621112486277 0.00775089842864943
ENSDARG00000034600 80.3682856066889 0.461499589023355 0.120809065791918 3.82007414756642 0.000133411561898368 0.0079474209131721
ENSDARG00000040190 128.185521127325 -0.267895643356211 0.070130602989256 -3.81995351440586 0.000133476827512183 0.0079474209131721
ENSDARG00000091902 719.491983719816 -0.229695490341854 0.0601709491743179 -3.81738186772517 0.000134875330859453 0.00799843583700148
ENSDARG00000078600 51.5986617473201 0.27253833692998 0.0713951117618458 3.81732488687869 0.000134906473741368 0.00799843583700148
ENSDARG00000008765 97.98451568796 0.312717405511883 0.0819324997106109 3.81676876229109 0.000135210779572218 0.00799949368549619
ENSDARG00000090767 3.72226418513728 1.04046968363093 0.272779243871658 3.81432864488937 0.000136553647389086 0.00806186174067703
ENSDARG00000098990 18.7206039347714 0.496913951148931 0.130457422851383 3.80901247539603 0.000139522918934524 0.00821978377900121
ENSDARG00000041397 46.8291957197538 0.449229573901889 0.118097817644191 3.80387701367472 0.000142448923047484 0.00837449721284421
ENSDARG00000045658 9.87461501124493 0.544741560821133 0.143259763238337 3.80247425032292 0.000143258160169524 0.00840437840910498
ENSDARG00000025513 29.2735581926926 0.480824620379961 0.126493925655692 3.80116766783517 0.000144015804307383 0.00843111391044793
ENSDARG00000069538 39.5361827441112 -0.311572943799498 0.0820122661095146 -3.79910175123609 0.000145221465848252 0.00848391094939841
ENSDARG00000063031 320.000506579227 -0.158505181131936 0.041750688750681 -3.79646865416923 0.000146771911375349 0.00855658794395955
ENSDARG00000076290 87.3314796631047 0.393325532850141 0.103625984732971 3.79562649140254 0.000147271082534062 0.00855886019556655
ENSDARG00000061923 289.927210776646 -0.1876581757499 0.0494439838574444 -3.79536924635667 0.000147423876600448 0.00855886019556655
ENSDARG00000029936 9.23456298320136 0.799365666603987 0.210769263095423 3.79261024527133 0.000149072033721806 0.00863659033543868
ENSDARG00000045754 30.9450689484355 -0.361697031827895 0.0953825718460373 -3.79206625306489 0.000149399041616577 0.0086376153978114
ENSDARG00000014966 80.4764868548586 -0.19391104947527 0.051176959651035 -3.78903027451238 0.000151236484348746 0.00872578269718746
ENSDARG00000077080 17.2372384281384 0.438886592726393 0.115938246884723 3.78552034828312 0.000153387281741049 0.00883162854148203
ENSDARG00000076920 107.514513640323 -0.353233552610459 0.0933524068234688 -3.78387193892527 0.000154407293119469 0.00886082571283879
ENSDARG00000025699 243.757226940475 -0.16268853132699 0.042997480104163 -3.78367594875028 0.000154528992735989 0.00886082571283879
ENSDARG00000069752 26.6155806274604 0.53843641781808 0.142324985343245 3.7831475374442 0.000154857558443759 0.0088614699170942
ENSDARG00000097187 5.09560005441028 0.786171607200225 0.207869623873426 3.78204180365926 0.000155547231625539 0.00888273301256276
ENSDARG00000089967 132.087111134585 -0.233349624931656 0.061727360765137 -3.78032726556244 0.000156622350273532 0.00892587577834364
ENSDARG00000038967 306.250138612757 -0.144879771740314 0.0383316858490952 -3.77963474684308 0.000157058580984719 0.00893250687168694
ENSDARG00000016830 661.891816394491 0.286995786073515 0.0760274227113959 3.77489826484012 0.000160072978156188 0.00908544291669015
ENSDARG00000099633 5.39409245189087 -0.791308322825246 0.209772065972714 -3.7722292487131 0.000161795494230226 0.0091645825078683
ENSDARG00000074696 14.1028907999489 0.575781228795162 0.152756162976013 3.76928313449177 0.000163717087495392 0.00925465519900571
ENSDARG00000088877 23.8757205608101 0.437994765313422 0.116292381999167 3.76632379338967 0.000165668910701414 0.00934606935623634
ENSDARG00000070412 13.1468489472066 0.608029986432308 0.161544599090196 3.76385214892157 0.000167315831349821 0.00941994877105597
ENSDARG00000038870 202.816353542327 -0.214608241938048 0.0570680056421714 -3.76057020957922 0.000169526484161583 0.00952520537266039
ENSDARG00000055548 150.376381950509 -0.221738559785766 0.0590044875251186 -3.75799484219518 0.000171280411028608 0.00960442867063028
ENSDARG00000086481 92.2583665911522 0.407771128788631 0.108549134186303 3.75655809551436 0.000172266294742109 0.00963173461733076
ENSDARG00000036754 129.506684185571 0.257017487728786 0.0684233961182055 3.75628077981943 0.000172457199952207 0.00963173461733076
ENSDARG00000073910 23.0155317136467 0.400185080592543 0.106583195038787 3.75467333707636 0.000173567695024203 0.00967440695319536
ENSDARG00000099312 137.249898050205 0.210073143691383 0.056009676001891 3.75065807708459 0.0001763710723007 0.00981108006772322
ENSDARG00000045555 19.7945734929211 0.489771501273982 0.130622560492811 3.74951692438257 0.000177175539887868 0.00983043111861335
ENSDARG00000103125 96.0200578613926 0.306860195445266 0.0818475692138917 3.7491668768238 0.000177423000314454 0.00983043111861335
ENSDARG00000018534 83.1544844910215 0.440986272698387 0.117685090672217 3.74717196697964 0.000178839484592198 0.00987690234912813
ENSDARG00000035120 334.981032468314 0.291681790901824 0.0778442909827608 3.74699014172303 0.000178969116872295 0.00987690234912813
ENSDARG00000089720 18.7683698695799 0.469203398657249 0.125338362394117 3.74349392871333 0.000181478989473491 0.00999566229003399
